umi	total_matches	perfect_matches	one_mismatch_matches	two_mismatch_matches	other_matches	fraction_of_matches	representation
AAAAACGT	0	0	0	0	0	0	0
AAAACATG	0	0	0	0	0	0	0
AAAACCCC	2	2	0	0	0	0.0002	0.6418485237483954
AAAACGTG	0	0	0	0	0	0	0
AAAAGAAC	0	0	0	0	0	0	0
AAACCTCT	4	4	0	0	0	0.0004	1.2836970474967908
AAACCTGA	4	4	0	0	0	0.0004	1.2836970474967908
AAACTTAT	4	4	0	0	0	0.0004	1.2836970474967908
AAAGACGT	0	0	0	0	0	0	0
AAAGCGAC	0	0	0	0	0	0	0
AAAGCGAT	0	0	0	0	0	0	0
AAAGTATC	4	4	0	0	0	0.0004	1.2836970474967908
AAAGTCCT	0	0	0	0	0	0	0
AAAGTCGT	0	0	0	0	0	0	0
AAATGACA	2	2	0	0	0	0.0002	0.6418485237483954
AAATGTAC	4	4	0	0	0	0.0004	1.2836970474967908
AAATTATG	4	4	0	0	0	0.0004	1.2836970474967908
AAATTGAT	6	6	0	0	0	0.0006	1.925545571245186
AACAAATC	0	0	0	0	0	0	0
AACACCGC	6	6	0	0	0	0.0006	1.925545571245186
AACACTCT	2	2	0	0	0	0.0002	0.6418485237483954
AACATCCA	2	2	0	0	0	0.0002	0.6418485237483954
AACCAGGA	4	4	0	0	0	0.0004	1.2836970474967908
AACCATAA	4	4	0	0	0	0.0004	1.2836970474967908
AACCCGGG	8	8	0	0	0	0.0008	2.5673940949935816
AACGAAAA	2	2	0	0	0	0.0002	0.6418485237483954
AACGTGGT	0	0	0	0	0	0	0
AACTATGT	6	6	0	0	0	0.0006	1.925545571245186
AACTTAAT	4	4	0	0	0	0.0004	1.2836970474967908
AACTTCTG	0	0	0	0	0	0	0
AACTTTCC	0	0	0	0	0	0	0
AAGAAAAC	2	2	0	0	0	0.0002	0.6418485237483954
AAGACACT	4	4	0	0	0	0.0004	1.2836970474967908
AAGCGGCA	2	2	0	0	0	0.0002	0.6418485237483954
AAGCTAAG	6	6	0	0	0	0.0006	1.925545571245186
AAGCTACT	6	6	0	0	0	0.0006	1.925545571245186
AAGGGACG	10	10	0	0	0	0.001	3.209242618741977
AAGGGCAG	0	0	0	0	0	0	0
AAGGGGAG	0	0	0	0	0	0	0
AAGGTGTG	2	2	0	0	0	0.0002	0.6418485237483954
AAGTAAAA	2	2	0	0	0	0.0002	0.6418485237483954
AAGTCGTT	0	0	0	0	0	0	0
AAGTTTTT	10	10	0	0	0	0.001	3.209242618741977
AATAACTT	4	4	0	0	0	0.0004	1.2836970474967908
AATAAGTC	0	0	0	0	0	0	0
AATAAGTG	0	0	0	0	0	0	0
AATACATG	0	0	0	0	0	0	0
AATACCCA	6	6	0	0	0	0.0006	1.925545571245186
AATACGTA	4	4	0	0	0	0.0004	1.2836970474967908
AATATGTC	0	0	0	0	0	0	0
AATCAAAT	0	0	0	0	0	0	0
AATCCAGA	4	4	0	0	0	0.0004	1.2836970474967908
AATCGATA	4	4	0	0	0	0.0004	1.2836970474967908
AATCTCCC	0	0	0	0	0	0	0
AATCTGTC	0	0	0	0	0	0	0
AATGCGAC	0	0	0	0	0	0	0
AATTTGTT	12	12	0	0	0	0.0012	3.851091142490372
ACAAACTC	0	0	0	0	0	0	0
ACAAAGCA	0	0	0	0	0	0	0
ACAAATGA	2	2	0	0	0	0.0002	0.6418485237483954
ACAACACA	0	0	0	0	0	0	0
ACAACGCA	0	0	0	0	0	0	0
ACAAGCTA	2	2	0	0	0	0.0002	0.6418485237483954
ACAAGTAA	6	4	2	0	0	0.0006	1.925545571245186
ACAGAGGC	0	0	0	0	0	0	0
ACAGATTC	2	2	0	0	0	0.0002	0.6418485237483954
ACAGCTGG	2	2	0	0	0	0.0002	0.6418485237483954
ACATACTC	0	0	0	0	0	0	0
ACATTCTC	0	0	0	0	0	0	0
ACCCAAGA	10	10	0	0	0	0.001	3.209242618741977
ACCCAGAG	2	2	0	0	0	0.0002	0.6418485237483954
ACCCCCGC	4	4	0	0	0	0.0004	1.2836970474967908
ACCCGAAA	4	4	0	0	0	0.0004	1.2836970474967908
ACCCTAGT	10	10	0	0	0	0.001	3.209242618741977
ACCCTCAG	6	6	0	0	0	0.0006	1.925545571245186
ACCCTCTT	0	0	0	0	0	0	0
ACCGAGGA	4	4	0	0	0	0.0004	1.2836970474967908
ACCGCACC	2	2	0	0	0	0.0002	0.6418485237483954
ACCGCGGT	4	4	0	0	0	0.0004	1.2836970474967908
ACCGTCTA	12	12	0	0	0	0.0012	3.851091142490372
ACCTAGGT	12	12	0	0	0	0.0012	3.851091142490372
ACCTATAA	2	2	0	0	0	0.0002	0.6418485237483954
ACCTATTG	2	2	0	0	0	0.0002	0.6418485237483954
ACCTCTTA	0	0	0	0	0	0	0
ACCTGCAT	4	4	0	0	0	0.0004	1.2836970474967908
ACCTTCTG	0	0	0	0	0	0	0
ACGAACGC	0	0	0	0	0	0	0
ACGACATT	8	8	0	0	0	0.0008	2.5673940949935816
ACGACTCC	6	4	2	0	0	0.0006	1.925545571245186
ACGAGTTT	0	0	0	0	0	0	0
ACGCCACT	2	2	0	0	0	0.0002	0.6418485237483954
ACGCCATG	12	12	0	0	0	0.0012	3.851091142490372
ACGCCGTT	2	2	0	0	0	0.0002	0.6418485237483954
ACGCGAAT	2	2	0	0	0	0.0002	0.6418485237483954
ACGCGTAA	10	10	0	0	0	0.001	3.209242618741977
ACGCTCAC	2	2	0	0	0	0.0002	0.6418485237483954
ACGGCACA	0	0	0	0	0	0	0
ACGGCGCG	2	2	0	0	0	0.0002	0.6418485237483954
ACGGCTCA	0	0	0	0	0	0	0
ACGTCTTT	6	6	0	0	0	0.0006	1.925545571245186
ACGTGTCT	4	4	0	0	0	0.0004	1.2836970474967908
ACGTGTTC	4	4	0	0	0	0.0004	1.2836970474967908
ACGTTGAG	8	8	0	0	0	0.0008	2.5673940949935816
ACTAGCGA	6	6	0	0	0	0.0006	1.925545571245186
ACTCAGAC	2	2	0	0	0	0.0002	0.6418485237483954
ACTCGTGG	2	2	0	0	0	0.0002	0.6418485237483954
ACTCTCGC	0	0	0	0	0	0	0
ACTCTCTG	4	4	0	0	0	0.0004	1.2836970474967908
ACTCTGGC	0	0	0	0	0	0	0
ACTGACGG	2	2	0	0	0	0.0002	0.6418485237483954
ACTGGGCA	6	6	0	0	0	0.0006	1.925545571245186
ACTGTGGG	8	8	0	0	0	0.0008	2.5673940949935816
ACTTCGGA	2	2	0	0	0	0.0002	0.6418485237483954
ACTTCTTA	0	0	0	0	0	0	0
ACTTGATA	2	2	0	0	0	0.0002	0.6418485237483954
ACTTGGTG	2	2	0	0	0	0.0002	0.6418485237483954
ACTTTTCT	0	0	0	0	0	0	0
AGAAATGT	0	0	0	0	0	0	0
AGAACCTA	0	0	0	0	0	0	0
AGAACTAA	6	6	0	0	0	0.0006	1.925545571245186
AGAATGCT	10	10	0	0	0	0.001	3.209242618741977
AGACATTG	0	0	0	0	0	0	0
AGACGCTT	2	2	0	0	0	0.0002	0.6418485237483954
AGACGTTG	0	0	0	0	0	0	0
AGACTGCC	14	14	0	0	0	0.0014	4.492939666238767
AGAGAGAG	0	0	0	0	0	0	0
AGAGCCTC	0	0	0	0	0	0	0
AGAGCTCT	4	4	0	0	0	0.0004	1.2836970474967908
AGAGTACC	4	4	0	0	0	0.0004	1.2836970474967908
AGAGTCGA	8	8	0	0	0	0.0008	2.5673940949935816
AGAGTCTC	0	0	0	0	0	0	0
AGATAAAC	0	0	0	0	0	0	0
AGATAATC	0	0	0	0	0	0	0
AGATAGGG	10	10	0	0	0	0.001	3.209242618741977
AGATATAG	2	2	0	0	0	0.0002	0.6418485237483954
AGATGCGA	0	0	0	0	0	0	0
AGATGGTA	0	0	0	0	0	0	0
AGATTCAA	6	6	0	0	0	0.0006	1.925545571245186
AGCAAATA	4	4	0	0	0	0.0004	1.2836970474967908
AGCAACGC	2	2	0	0	0	0.0002	0.6418485237483954
AGCACTTA	4	4	0	0	0	0.0004	1.2836970474967908
AGCAGCAG	0	0	0	0	0	0	0
AGCCAGAC	0	0	0	0	0	0	0
AGCCAGCC	0	0	0	0	0	0	0
AGCCATAT	4	4	0	0	0	0.0004	1.2836970474967908
AGCCATCC	0	0	0	0	0	0	0
AGCCTCTA	2	2	0	0	0	0.0002	0.6418485237483954
AGCCTTGT	0	0	0	0	0	0	0
AGCGATGC	4	4	0	0	0	0.0004	1.2836970474967908
AGCGCAAA	0	0	0	0	0	0	0
AGCGCATA	0	0	0	0	0	0	0
AGCGGCGC	0	0	0	0	0	0	0
AGCGTGGT	0	0	0	0	0	0	0
AGCTGCAG	0	0	0	0	0	0	0
AGCTGCCT	6	6	0	0	0	0.0006	1.925545571245186
AGGAAACA	0	0	0	0	0	0	0
AGGAAGAA	0	0	0	0	0	0	0
AGGAAGTG	2	2	0	0	0	0.0002	0.6418485237483954
AGGACCCA	6	6	0	0	0	0.0006	1.925545571245186
AGGAGATC	2	2	0	0	0	0.0002	0.6418485237483954
AGGATGGG	4	4	0	0	0	0.0004	1.2836970474967908
AGGCATCG	4	4	0	0	0	0.0004	1.2836970474967908
AGGCGGGG	6	6	0	0	0	0.0006	1.925545571245186
AGGCTCAT	0	0	0	0	0	0	0
AGGGAATT	0	0	0	0	0	0	0
AGGGATTC	2	2	0	0	0	0.0002	0.6418485237483954
AGGGCATG	2	2	0	0	0	0.0002	0.6418485237483954
AGGGCCAG	4	4	0	0	0	0.0004	1.2836970474967908
AGGGCGGA	6	4	2	0	0	0.0006	1.925545571245186
AGGTAGTC	10	10	0	0	0	0.001	3.209242618741977
AGGTCCAT	0	0	0	0	0	0	0
AGGTGGTT	2	2	0	0	0	0.0002	0.6418485237483954
AGGTTTGC	2	2	0	0	0	0.0002	0.6418485237483954
AGGTTTTG	0	0	0	0	0	0	0
AGTAACCA	4	4	0	0	0	0.0004	1.2836970474967908
AGTAGCGC	0	0	0	0	0	0	0
AGTAGCTA	2	2	0	0	0	0.0002	0.6418485237483954
AGTATCGC	0	0	0	0	0	0	0
AGTATTCG	10	10	0	0	0	0.001	3.209242618741977
AGTCAAGG	2	2	0	0	0	0.0002	0.6418485237483954
AGTCACAA	6	6	0	0	0	0.0006	1.925545571245186
AGTCCGAT	4	4	0	0	0	0.0004	1.2836970474967908
AGTCGATG	6	6	0	0	0	0.0006	1.925545571245186
AGTCTACA	0	0	0	0	0	0	0
AGTGAACT	4	4	0	0	0	0.0004	1.2836970474967908
AGTGATCC	8	8	0	0	0	0.0008	2.5673940949935816
AGTGGATA	4	4	0	0	0	0.0004	1.2836970474967908
AGTGTCCG	0	0	0	0	0	0	0
AGTGTTGG	8	8	0	0	0	0.0008	2.5673940949935816
AGTTACCG	2	2	0	0	0	0.0002	0.6418485237483954
AGTTACTC	0	0	0	0	0	0	0
AGTTGACT	2	2	0	0	0	0.0002	0.6418485237483954
AGTTGCAA	0	0	0	0	0	0	0
ATAAACGA	0	0	0	0	0	0	0
ATAACCCA	0	0	0	0	0	0	0
ATAACTGT	0	0	0	0	0	0	0
ATAACTTT	0	0	0	0	0	0	0
ATAAGAAC	0	0	0	0	0	0	0
ATAAGTTT	0	0	0	0	0	0	0
ATAATATC	8	8	0	0	0	0.0008	2.5673940949935816
ATAATCCG	8	8	0	0	0	0.0008	2.5673940949935816
ATAGACTA	6	6	0	0	0	0.0006	1.925545571245186
ATAGAGAG	0	0	0	0	0	0	0
ATAGTAAG	4	4	0	0	0	0.0004	1.2836970474967908
ATAGTGAT	2	2	0	0	0	0.0002	0.6418485237483954
ATATCGCG	6	6	0	0	0	0.0006	1.925545571245186
ATATTGAA	6	6	0	0	0	0.0006	1.925545571245186
ATCAAATC	0	0	0	0	0	0	0
ATCAGAGA	0	0	0	0	0	0	0
ATCAGCAT	10	10	0	0	0	0.001	3.209242618741977
ATCATGTG	2	2	0	0	0	0.0002	0.6418485237483954
ATCCACCC	0	0	0	0	0	0	0
ATCCCGGA	0	0	0	0	0	0	0
ATCCCGTG	0	0	0	0	0	0	0
ATCCGAGA	0	0	0	0	0	0	0
ATCCTTCC	0	0	0	0	0	0	0
ATCCTTCT	0	0	0	0	0	0	0
ATCGAGGT	0	0	0	0	0	0	0
ATCGATAC	0	0	0	0	0	0	0
ATCGCGTG	0	0	0	0	0	0	0
ATCTACGG	2	2	0	0	0	0.0002	0.6418485237483954
ATCTCGTA	6	6	0	0	0	0.0006	1.925545571245186
ATCTTGCA	6	4	2	0	0	0.0006	1.925545571245186
ATGACATC	6	6	0	0	0	0.0006	1.925545571245186
ATGAGGTG	2	2	0	0	0	0.0002	0.6418485237483954
ATGATCGA	0	0	0	0	0	0	0
ATGATCGT	0	0	0	0	0	0	0
ATGCAATT	4	4	0	0	0	0.0004	1.2836970474967908
ATGCGCAA	0	0	0	0	0	0	0
ATGCTGTC	6	6	0	0	0	0.0006	1.925545571245186
ATGGGAAG	4	4	0	0	0	0.0004	1.2836970474967908
ATGGGACC	6	6	0	0	0	0.0006	1.925545571245186
ATGTAACA	0	0	0	0	0	0	0
ATGTAGCT	6	6	0	0	0	0.0006	1.925545571245186
ATGTATGG	2	2	0	0	0	0.0002	0.6418485237483954
ATGTCGCA	2	2	0	0	0	0.0002	0.6418485237483954
ATGTCTGC	8	8	0	0	0	0.0008	2.5673940949935816
ATGTTAAA	0	0	0	0	0	0	0
ATGTTTTG	0	0	0	0	0	0	0
ATTACACC	4	4	0	0	0	0.0004	1.2836970474967908
ATTATCAG	4	4	0	0	0	0.0004	1.2836970474967908
ATTCATAA	0	0	0	0	0	0	0
ATTCCGGC	2	2	0	0	0	0.0002	0.6418485237483954
ATTCGTGC	6	6	0	0	0	0.0006	1.925545571245186
ATTCTAAC	2	2	0	0	0	0.0002	0.6418485237483954
ATTGACAC	0	0	0	0	0	0	0
ATTGACGC	0	0	0	0	0	0	0
ATTGAGGT	0	0	0	0	0	0	0
ATTGATTG	4	4	0	0	0	0.0004	1.2836970474967908
ATTGCGCT	6	6	0	0	0	0.0006	1.925545571245186
ATTGGGTT	8	8	0	0	0	0.0008	2.5673940949935816
ATTGTACG	8	8	0	0	0	0.0008	2.5673940949935816
ATTGTAGT	2	2	0	0	0	0.0002	0.6418485237483954
ATTTAAGG	4	4	0	0	0	0.0004	1.2836970474967908
ATTTGCAA	0	0	0	0	0	0	0
ATTTGCAG	0	0	0	0	0	0	0
ATTTTGGT	0	0	0	0	0	0	0
ATTTTTAA	2	2	0	0	0	0.0002	0.6418485237483954
CAAAAGCC	0	0	0	0	0	0	0
CAAAGGGA	2	2	0	0	0	0.0002	0.6418485237483954
CAAATCCA	4	4	0	0	0	0.0004	1.2836970474967908
CAACTAGT	2	2	0	0	0	0.0002	0.6418485237483954
CAAGAACG	0	0	0	0	0	0	0
CAAGACTT	6	6	0	0	0	0.0006	1.925545571245186
CAAGCGAG	4	4	0	0	0	0.0004	1.2836970474967908
CAATAAAT	6	6	0	0	0	0.0006	1.925545571245186
CAATACGC	2	2	0	0	0	0.0002	0.6418485237483954
CAATGGGG	4	2	2	0	0	0.0004	1.2836970474967908
CAATGTGT	8	8	0	0	0	0.0008	2.5673940949935816
CAATTGGA	4	4	0	0	0	0.0004	1.2836970474967908
CACACTCC	6	6	0	0	0	0.0006	1.925545571245186
CACAGACG	4	4	0	0	0	0.0004	1.2836970474967908
CACATAGG	4	4	0	0	0	0.0004	1.2836970474967908
CACATGCA	6	6	0	0	0	0.0006	1.925545571245186
CACCCAAT	2	2	0	0	0	0.0002	0.6418485237483954
CACCGCGC	6	6	0	0	0	0.0006	1.925545571245186
CACGCAAA	4	4	0	0	0	0.0004	1.2836970474967908
CACGTGGT	0	0	0	0	0	0	0
CACTCGCC	6	6	0	0	0	0.0006	1.925545571245186
CACTCTTT	6	6	0	0	0	0.0006	1.925545571245186
CACTGATG	0	0	0	0	0	0	0
CACTTACG	0	0	0	0	0	0	0
CACTTATG	0	0	0	0	0	0	0
CACTTCGG	8	8	0	0	0	0.0008	2.5673940949935816
CAGAAAAT	2	2	0	0	0	0.0002	0.6418485237483954
CAGAATCT	8	8	0	0	0	0.0008	2.5673940949935816
CAGAATTA	6	6	0	0	0	0.0006	1.925545571245186
CAGACCCT	8	8	0	0	0	0.0008	2.5673940949935816
CAGACTGG	6	6	0	0	0	0.0006	1.925545571245186
CAGATGTT	8	8	0	0	0	0.0008	2.5673940949935816
CAGATTCG	8	8	0	0	0	0.0008	2.5673940949935816
CAGCATGT	4	2	2	0	0	0.0004	1.2836970474967908
CAGCTTTC	6	4	2	0	0	0.0006	1.925545571245186
CAGGAACG	0	0	0	0	0	0	0
CAGGAAGT	2	2	0	0	0	0.0002	0.6418485237483954
CAGGCACC	2	2	0	0	0	0.0002	0.6418485237483954
CAGGGCTG	6	6	0	0	0	0.0006	1.925545571245186
CAGTAACG	0	0	0	0	0	0	0
CAGTAGCA	6	6	0	0	0	0.0006	1.925545571245186
CAGTGTAA	8	8	0	0	0	0.0008	2.5673940949935816
CAGTTACT	6	6	0	0	0	0.0006	1.925545571245186
CAGTTCAA	4	4	0	0	0	0.0004	1.2836970474967908
CATAATGG	4	4	0	0	0	0.0004	1.2836970474967908
CATACCGC	4	4	0	0	0	0.0004	1.2836970474967908
CATCAACC	4	4	0	0	0	0.0004	1.2836970474967908
CATCTCAA	2	2	0	0	0	0.0002	0.6418485237483954
CATCTTGA	0	0	0	0	0	0	0
CATGAATT	0	0	0	0	0	0	0
CATGAGCG	8	8	0	0	0	0.0008	2.5673940949935816
CATGCGGG	10	10	0	0	0	0.001	3.209242618741977
CATTAAAA	4	4	0	0	0	0.0004	1.2836970474967908
CATTGGAT	4	4	0	0	0	0.0004	1.2836970474967908
CATTTCAC	8	8	0	0	0	0.0008	2.5673940949935816
CCAAAAAC	0	0	0	0	0	0	0
CCAAAAGA	0	0	0	0	0	0	0
CCAAATTG	6	6	0	0	0	0.0006	1.925545571245186
CCAACGTG	0	0	0	0	0	0	0
CCAATGGT	4	4	0	0	0	0.0004	1.2836970474967908
CCACATCT	4	4	0	0	0	0.0004	1.2836970474967908
CCACCAAA	2	2	0	0	0	0.0002	0.6418485237483954
CCACGGCC	2	2	0	0	0	0.0002	0.6418485237483954
CCACGTTT	6	6	0	0	0	0.0006	1.925545571245186
CCAGACGC	4	4	0	0	0	0.0004	1.2836970474967908
CCAGATCG	0	0	0	0	0	0	0
CCAGCGTG	0	0	0	0	0	0	0
CCAGTCAG	2	2	0	0	0	0.0002	0.6418485237483954
CCAGTTAT	4	4	0	0	0	0.0004	1.2836970474967908
CCATCCAC	4	4	0	0	0	0.0004	1.2836970474967908
CCATGAGA	12	12	0	0	0	0.0012	3.851091142490372
CCATTCCT	4	4	0	0	0	0.0004	1.2836970474967908
CCATTTAG	4	4	0	0	0	0.0004	1.2836970474967908
CCCACAGA	0	0	0	0	0	0	0
CCCACGAC	4	4	0	0	0	0.0004	1.2836970474967908
CCCATCCT	4	2	2	0	0	0.0004	1.2836970474967908
CCCCACAG	8	8	0	0	0	0.0008	2.5673940949935816
CCCCCAAC	6	6	0	0	0	0.0006	1.925545571245186
CCCCCATA	0	0	0	0	0	0	0
CCCCCGAG	6	6	0	0	0	0.0006	1.925545571245186
CCCCCTCG	2	2	0	0	0	0.0002	0.6418485237483954
CCCCGCCC	2	2	0	0	0	0.0002	0.6418485237483954
CCCCTTAT	0	0	0	0	0	0	0
CCCCTTCA	0	0	0	0	0	0	0
CCCGAGAG	4	4	0	0	0	0.0004	1.2836970474967908
CCCGCTCT	4	4	0	0	0	0.0004	1.2836970474967908
CCCGTTAA	2	2	0	0	0	0.0002	0.6418485237483954
CCCTAATT	0	0	0	0	0	0	0
CCCTTACT	8	8	0	0	0	0.0008	2.5673940949935816
CCGACTCG	0	0	0	0	0	0	0
CCGCGCCA	6	6	0	0	0	0.0006	1.925545571245186
CCGCTTCA	0	0	0	0	0	0	0
CCGGAAGG	4	4	0	0	0	0.0004	1.2836970474967908
CCGGAGCC	0	0	0	0	0	0	0
CCGGGGAT	2	2	0	0	0	0.0002	0.6418485237483954
CCGGTTCC	8	8	0	0	0	0.0008	2.5673940949935816
CCGGTTGT	6	6	0	0	0	0.0006	1.925545571245186
CCGTACCC	2	2	0	0	0	0.0002	0.6418485237483954
CCGTATAG	6	6	0	0	0	0.0006	1.925545571245186
CCGTCAGA	8	8	0	0	0	0.0008	2.5673940949935816
CCGTCGAT	4	4	0	0	0	0.0004	1.2836970474967908
CCTAAAGA	0	0	0	0	0	0	0
CCTAATAA	4	4	0	0	0	0.0004	1.2836970474967908
CCTATACA	8	8	0	0	0	0.0008	2.5673940949935816
CCTATATC	0	0	0	0	0	0	0
CCTATCGC	10	10	0	0	0	0.001	3.209242618741977
CCTCCAGA	6	6	0	0	0	0.0006	1.925545571245186
CCTCGACC	2	2	0	0	0	0.0002	0.6418485237483954
CCTCTAAG	0	0	0	0	0	0	0
CCTCTCTC	0	0	0	0	0	0	0
CCTCTGTC	0	0	0	0	0	0	0
CCTGAGGT	0	0	0	0	0	0	0
CCTGCAAT	0	0	0	0	0	0	0
CCTGGCAA	10	10	0	0	0	0.001	3.209242618741977
CCTGGCTT	6	6	0	0	0	0.0006	1.925545571245186
CCTTCGTC	6	6	0	0	0	0.0006	1.925545571245186
CCTTTGCT	0	0	0	0	0	0	0
CCTTTGTT	0	0	0	0	0	0	0
CGAAAGTA	6	6	0	0	0	0.0006	1.925545571245186
CGAACATT	4	4	0	0	0	0.0004	1.2836970474967908
CGAATAAT	4	4	0	0	0	0.0004	1.2836970474967908
CGAATTTT	0	0	0	0	0	0	0
CGACCTAA	2	2	0	0	0	0.0002	0.6418485237483954
CGACGCAA	12	12	0	0	0	0.0012	3.851091142490372
CGAGTTCA	0	0	0	0	0	0	0
CGAGTTGC	2	0	2	0	0	0.0002	0.6418485237483954
CGATACCC	4	4	0	0	0	0.0004	1.2836970474967908
CGATCAAC	4	4	0	0	0	0.0004	1.2836970474967908
CGATTCTA	2	2	0	0	0	0.0002	0.6418485237483954
CGCAAATC	0	0	0	0	0	0	0
CGCACGCA	8	8	0	0	0	0.0008	2.5673940949935816
CGCACGTG	4	4	0	0	0	0.0004	1.2836970474967908
CGCAGCCA	4	4	0	0	0	0.0004	1.2836970474967908
CGCAGGGC	2	2	0	0	0	0.0002	0.6418485237483954
CGCATATC	0	0	0	0	0	0	0
CGCATCGG	0	0	0	0	0	0	0
CGCCACAT	0	0	0	0	0	0	0
CGCCACCC	2	2	0	0	0	0.0002	0.6418485237483954
CGCCACTG	6	6	0	0	0	0.0006	1.925545571245186
CGCCCAGA	0	0	0	0	0	0	0
CGCCCAGT	0	0	0	0	0	0	0
CGCCCCAC	0	0	0	0	0	0	0
CGCCCCAT	0	0	0	0	0	0	0
CGCCGTGT	0	0	0	0	0	0	0
CGCGAACA	2	2	0	0	0	0.0002	0.6418485237483954
CGCGAATG	6	6	0	0	0	0.0006	1.925545571245186
CGCGAGAA	0	0	0	0	0	0	0
CGCGAGGA	0	0	0	0	0	0	0
CGCGATTT	0	0	0	0	0	0	0
CGCTCTCG	4	2	2	0	0	0.0004	1.2836970474967908
CGCTTAAG	0	0	0	0	0	0	0
CGGAACGC	2	2	0	0	0	0.0002	0.6418485237483954
CGGAAGAG	2	2	0	0	0	0.0002	0.6418485237483954
CGGACACG	0	0	0	0	0	0	0
CGGAGTTG	2	2	0	0	0	0.0002	0.6418485237483954
CGGATAGC	4	4	0	0	0	0.0004	1.2836970474967908
CGGATTTT	0	0	0	0	0	0	0
CGGCCTAC	2	2	0	0	0	0.0002	0.6418485237483954
CGGCCTGG	4	4	0	0	0	0.0004	1.2836970474967908
CGGCTACG	6	6	0	0	0	0.0006	1.925545571245186
CGGGCGCG	10	10	0	0	0	0.001	3.209242618741977
CGGGCTCC	2	2	0	0	0	0.0002	0.6418485237483954
CGGGTGGT	6	6	0	0	0	0.0006	1.925545571245186
CGGTAATG	0	0	0	0	0	0	0
CGGTCCAT	0	0	0	0	0	0	0
CGGTGATG	0	0	0	0	0	0	0
CGGTGCTG	0	0	0	0	0	0	0
CGGTTCAT	0	0	0	0	0	0	0
CGTACTGG	0	0	0	0	0	0	0
CGTATATC	0	0	0	0	0	0	0
CGTATCTA	0	0	0	0	0	0	0
CGTATCTT	0	0	0	0	0	0	0
CGTATGTG	8	8	0	0	0	0.0008	2.5673940949935816
CGTCAACA	0	0	0	0	0	0	0
CGTCCCTT	2	2	0	0	0	0.0002	0.6418485237483954
CGTCGGTC	0	0	0	0	0	0	0
CGTCTACA	0	0	0	0	0	0	0
CGTGCAGT	2	2	0	0	0	0.0002	0.6418485237483954
CGTGCGTA	4	4	0	0	0	0.0004	1.2836970474967908
CGTGGACA	4	2	2	0	0	0.0004	1.2836970474967908
CGTGGGAC	12	12	0	0	0	0.0012	3.851091142490372
CGTTACCA	0	0	0	0	0	0	0
CGTTCCTC	0	0	0	0	0	0	0
CGTTGCCA	0	0	0	0	0	0	0
CTAAACTA	2	2	0	0	0	0.0002	0.6418485237483954
CTAACGGT	2	2	0	0	0	0.0002	0.6418485237483954
CTAAGCCT	16	16	0	0	0	0.0016	5.134788189987163
CTAATCCC	6	6	0	0	0	0.0006	1.925545571245186
CTAATTCT	2	2	0	0	0	0.0002	0.6418485237483954
CTACCTCT	8	8	0	0	0	0.0008	2.5673940949935816
CTAGAAGG	0	0	0	0	0	0	0
CTAGAGGA	0	0	0	0	0	0	0
CTAGCAGT	4	4	0	0	0	0.0004	1.2836970474967908
CTATCGCA	12	12	0	0	0	0.0012	3.851091142490372
CTATGCCC	2	2	0	0	0	0.0002	0.6418485237483954
CTATTATG	0	0	0	0	0	0	0
CTATTCAA	0	0	0	0	0	0	0
CTATTGTC	0	0	0	0	0	0	0
CTCAGAGT	4	4	0	0	0	0.0004	1.2836970474967908
CTCAGGAC	4	4	0	0	0	0.0004	1.2836970474967908
CTCATATT	8	8	0	0	0	0.0008	2.5673940949935816
CTCATCTA	6	6	0	0	0	0.0006	1.925545571245186
CTCCCAAG	0	0	0	0	0	0	0
CTCCCTAG	0	0	0	0	0	0	0
CTCCTCAG	0	0	0	0	0	0	0
CTCGATAC	0	0	0	0	0	0	0
CTCGGCCG	0	0	0	0	0	0	0
CTCGGCTG	0	0	0	0	0	0	0
CTCGGTCA	6	6	0	0	0	0.0006	1.925545571245186
CTCTAGGT	2	2	0	0	0	0.0002	0.6418485237483954
CTCTGAAA	6	6	0	0	0	0.0006	1.925545571245186
CTGAAAGT	2	2	0	0	0	0.0002	0.6418485237483954
CTGACTCG	0	0	0	0	0	0	0
CTGAGGAG	6	6	0	0	0	0.0006	1.925545571245186
CTGAGGTT	0	0	0	0	0	0	0
CTGAGTAT	4	4	0	0	0	0.0004	1.2836970474967908
CTGCATGC	10	10	0	0	0	0.001	3.209242618741977
CTGCCCCT	4	4	0	0	0	0.0004	1.2836970474967908
CTGCTCTG	2	2	0	0	0	0.0002	0.6418485237483954
CTGCTTGG	2	2	0	0	0	0.0002	0.6418485237483954
CTGGCCGG	12	12	0	0	0	0.0012	3.851091142490372
CTGTGGTT	0	0	0	0	0	0	0
CTGTTAAA	0	0	0	0	0	0	0
CTGTTAAT	0	0	0	0	0	0	0
CTTAACTT	6	6	0	0	0	0.0006	1.925545571245186
CTTACCCC	0	0	0	0	0	0	0
CTTACGTT	6	6	0	0	0	0.0006	1.925545571245186
CTTAGGTG	8	8	0	0	0	0.0008	2.5673940949935816
CTTCAAGC	0	0	0	0	0	0	0
CTTCCTGG	0	0	0	0	0	0	0
CTTCGTCC	8	8	0	0	0	0.0008	2.5673940949935816
CTTCTAAG	0	0	0	0	0	0	0
CTTCTTTT	14	14	0	0	0	0.0014	4.492939666238767
CTTGACGA	8	6	2	0	0	0.0008	2.5673940949935816
CTTGCCAG	0	0	0	0	0	0	0
CTTGCCAT	0	0	0	0	0	0	0
CTTGGAAA	6	6	0	0	0	0.0006	1.925545571245186
CTTGGATT	4	4	0	0	0	0.0004	1.2836970474967908
CTTGGCCA	4	4	0	0	0	0.0004	1.2836970474967908
CTTGGGTC	6	2	4	0	0	0.0006	1.925545571245186
CTTTATAT	6	6	0	0	0	0.0006	1.925545571245186
CTTTCCAT	0	0	0	0	0	0	0
CTTTCCGT	0	0	0	0	0	0	0
CTTTGAGC	0	0	0	0	0	0	0
CTTTGCTA	12	10	2	0	0	0.0012	3.851091142490372
CTTTTAGG	10	10	0	0	0	0.001	3.209242618741977
CTTTTGCG	4	4	0	0	0	0.0004	1.2836970474967908
GAAAAACA	0	0	0	0	0	0	0
GAAAAGGG	8	8	0	0	0	0.0008	2.5673940949935816
GAAACGAG	4	4	0	0	0	0.0004	1.2836970474967908
GAAACTTG	6	6	0	0	0	0.0006	1.925545571245186
GAACATAG	4	4	0	0	0	0.0004	1.2836970474967908
GAACGCAA	8	8	0	0	0	0.0008	2.5673940949935816
GAACGCCT	0	0	0	0	0	0	0
GAACGCGC	4	4	0	0	0	0.0004	1.2836970474967908
GAACTGCA	6	6	0	0	0	0.0006	1.925545571245186
GAAGACGC	2	2	0	0	0	0.0002	0.6418485237483954
GAAGAGAC	6	6	0	0	0	0.0006	1.925545571245186
GAAGGCCC	4	4	0	0	0	0.0004	1.2836970474967908
GAAGTGAT	4	4	0	0	0	0.0004	1.2836970474967908
GAATATAA	2	2	0	0	0	0.0002	0.6418485237483954
GAATGAAT	4	4	0	0	0	0.0004	1.2836970474967908
GACAGTTG	6	6	0	0	0	0.0006	1.925545571245186
GACCAAAT	0	0	0	0	0	0	0
GACCAACA	0	0	0	0	0	0	0
GACCGATT	0	0	0	0	0	0	0
GACCGCTC	0	0	0	0	0	0	0
GACCGCTT	0	0	0	0	0	0	0
GACCGGTG	6	4	2	0	0	0.0006	1.925545571245186
GACGAATG	8	6	2	0	0	0.0008	2.5673940949935816
GACGACTT	2	2	0	0	0	0.0002	0.6418485237483954
GACGATCT	8	8	0	0	0	0.0008	2.5673940949935816
GACGTGTA	6	6	0	0	0	0.0006	1.925545571245186
GACTAGTG	2	2	0	0	0	0.0002	0.6418485237483954
GACTCTCC	4	4	0	0	0	0.0004	1.2836970474967908
GACTGCCT	10	10	0	0	0	0.001	3.209242618741977
GACTGCGC	4	4	0	0	0	0.0004	1.2836970474967908
GACTTGGT	4	4	0	0	0	0.0004	1.2836970474967908
GAGACAAA	0	0	0	0	0	0	0
GAGACCAA	0	0	0	0	0	0	0
GAGAGCTG	0	0	0	0	0	0	0
GAGATCTA	0	0	0	0	0	0	0
GAGATCTT	0	0	0	0	0	0	0
GAGCCCAT	8	8	0	0	0	0.0008	2.5673940949935816
GAGCCCCA	0	0	0	0	0	0	0
GAGCGAAA	6	4	2	0	0	0.0006	1.925545571245186
GAGGCCTC	2	2	0	0	0	0.0002	0.6418485237483954
GAGGGGCG	2	2	0	0	0	0.0002	0.6418485237483954
GAGGGTAC	2	2	0	0	0	0.0002	0.6418485237483954
GAGTTCCT	0	0	0	0	0	0	0
GAGTTCGC	0	0	0	0	0	0	0
GAGTTGCT	0	0	0	0	0	0	0
GATAAAGC	2	2	0	0	0	0.0002	0.6418485237483954
GATAAGAT	0	0	0	0	0	0	0
GATAAGTT	0	0	0	0	0	0	0
GATACAGG	6	4	2	0	0	0.0006	1.925545571245186
GATACCCG	6	6	0	0	0	0.0006	1.925545571245186
GATATGTC	0	0	0	0	0	0	0
GATATGTT	0	0	0	0	0	0	0
GATCGTGG	6	6	0	0	0	0.0006	1.925545571245186
GATGAATT	0	0	0	0	0	0	0
GATGAGCC	0	0	0	0	0	0	0
GATGCCGG	0	0	0	0	0	0	0
GATGTGAA	0	0	0	0	0	0	0
GATGTTTA	4	4	0	0	0	0.0004	1.2836970474967908
GATTAACG	0	0	0	0	0	0	0
GATTAATG	0	0	0	0	0	0	0
GATTAGTT	0	0	0	0	0	0	0
GATTCCAC	2	2	0	0	0	0.0002	0.6418485237483954
GATTCGGT	6	6	0	0	0	0.0006	1.925545571245186
GATTCGTA	6	6	0	0	0	0.0006	1.925545571245186
GATTTCGC	0	0	0	0	0	0	0
GCAAAACC	10	10	0	0	0	0.001	3.209242618741977
GCAACCCT	2	2	0	0	0	0.0002	0.6418485237483954
GCAATGTG	2	2	0	0	0	0.0002	0.6418485237483954
GCACTATG	8	8	0	0	0	0.0008	2.5673940949935816
GCACTCGA	4	4	0	0	0	0.0004	1.2836970474967908
GCACTGAT	4	4	0	0	0	0.0004	1.2836970474967908
GCACTGTC	8	6	2	0	0	0.0008	2.5673940949935816
GCAGGCAA	2	2	0	0	0	0.0002	0.6418485237483954
GCATAGCA	4	4	0	0	0	0.0004	1.2836970474967908
GCATGTGG	4	4	0	0	0	0.0004	1.2836970474967908
GCATGTTA	0	0	0	0	0	0	0
GCATTCTC	0	0	0	0	0	0	0
GCATTCTG	0	0	0	0	0	0	0
GCATTCTT	0	0	0	0	0	0	0
GCATTTTA	0	0	0	0	0	0	0
GCCAGATC	2	2	0	0	0	0.0002	0.6418485237483954
GCCAGCAT	2	2	0	0	0	0.0002	0.6418485237483954
GCCATATG	8	8	0	0	0	0.0008	2.5673940949935816
GCCCACAT	2	2	0	0	0	0.0002	0.6418485237483954
GCCCGCCA	0	0	0	0	0	0	0
GCCCGGGA	0	0	0	0	0	0	0
GCCCTATT	8	8	0	0	0	0.0008	2.5673940949935816
GCCGACGA	6	6	0	0	0	0.0006	1.925545571245186
GCCGATTG	4	4	0	0	0	0.0004	1.2836970474967908
GCCGCACG	2	2	0	0	0	0.0002	0.6418485237483954
GCCGCCAC	8	8	0	0	0	0.0008	2.5673940949935816
GCCGTCGT	6	6	0	0	0	0.0006	1.925545571245186
GCCTAATT	0	0	0	0	0	0	0
GCCTCGGT	4	4	0	0	0	0.0004	1.2836970474967908
GCCTCTGA	20	20	0	0	0	0.002	6.418485237483954
GCCTGTTC	4	4	0	0	0	0.0004	1.2836970474967908
GCCTTGAG	4	4	0	0	0	0.0004	1.2836970474967908
GCGAACGC	0	0	0	0	0	0	0
GCGAATGG	2	2	0	0	0	0.0002	0.6418485237483954
GCGACACT	0	0	0	0	0	0	0
GCGACTCG	0	0	0	0	0	0	0
GCGAGTTT	0	0	0	0	0	0	0
GCGCAAGC	4	4	0	0	0	0.0004	1.2836970474967908
GCGCCCCA	0	0	0	0	0	0	0
GCGCTACA	2	2	0	0	0	0.0002	0.6418485237483954
GCGCTGGA	0	0	0	0	0	0	0
GCGGCCCG	0	0	0	0	0	0	0
GCGGTCCG	0	0	0	0	0	0	0
GCGTAATG	4	4	0	0	0	0.0004	1.2836970474967908
GCGTCATC	4	4	0	0	0	0.0004	1.2836970474967908
GCGTTGGA	0	0	0	0	0	0	0
GCTCAACT	4	4	0	0	0	0.0004	1.2836970474967908
GCTCATAA	12	12	0	0	0	0.0012	3.851091142490372
GCTCGGGA	0	0	0	0	0	0	0
GCTCTTCT	0	0	0	0	0	0	0
GCTCTTGT	0	0	0	0	0	0	0
GCTGGGAC	2	2	0	0	0	0.0002	0.6418485237483954
GCTGGTCT	2	2	0	0	0	0.0002	0.6418485237483954
GCTGTACG	6	6	0	0	0	0.0006	1.925545571245186
GCTTGACG	2	2	0	0	0	0.0002	0.6418485237483954
GCTTGCCC	4	4	0	0	0	0.0004	1.2836970474967908
GCTTGGCA	2	2	0	0	0	0.0002	0.6418485237483954
GGAACATC	4	4	0	0	0	0.0004	1.2836970474967908
GGAAGTTG	6	6	0	0	0	0.0006	1.925545571245186
GGAATCGC	8	8	0	0	0	0.0008	2.5673940949935816
GGACAAAC	0	0	0	0	0	0	0
GGACAAGC	0	0	0	0	0	0	0
GGACAATC	0	0	0	0	0	0	0
GGACAGCG	0	0	0	0	0	0	0
GGACAGGG	0	0	0	0	0	0	0
GGACATAC	0	0	0	0	0	0	0
GGATAACA	2	2	0	0	0	0.0002	0.6418485237483954
GGATAGTT	8	8	0	0	0	0.0008	2.5673940949935816
GGATGGAA	2	2	0	0	0	0.0002	0.6418485237483954
GGATGTAC	0	0	0	0	0	0	0
GGATGTTC	0	0	0	0	0	0	0
GGCAATTA	0	0	0	0	0	0	0
GGCAATTG	0	0	0	0	0	0	0
GGCACGTA	4	4	0	0	0	0.0004	1.2836970474967908
GGCATCGA	2	2	0	0	0	0.0002	0.6418485237483954
GGCATTTC	4	4	0	0	0	0.0004	1.2836970474967908
GGCCCGTG	4	4	0	0	0	0.0004	1.2836970474967908
GGCCTGAC	8	8	0	0	0	0.0008	2.5673940949935816
GGCGATTT	0	0	0	0	0	0	0
GGCGCGGT	4	2	2	0	0	0.0004	1.2836970474967908
GGCGGTCC	4	4	0	0	0	0.0004	1.2836970474967908
GGCGTTTT	0	0	0	0	0	0	0
GGCTAGGT	0	0	0	0	0	0	0
GGCTGACT	4	4	0	0	0	0.0004	1.2836970474967908
GGGAAACG	0	0	0	0	0	0	0
GGGATTTT	0	0	0	0	0	0	0
GGGCCGAA	2	2	0	0	0	0.0002	0.6418485237483954
GGGCGGGT	2	2	0	0	0	0.0002	0.6418485237483954
GGGCTGTC	6	6	0	0	0	0.0006	1.925545571245186
GGGGACTG	2	2	0	0	0	0.0002	0.6418485237483954
GGGGAGTC	0	0	0	0	0	0	0
GGGGCCTA	0	0	0	0	0	0	0
GGGGGAAC	14	14	0	0	0	0.0014	4.492939666238767
GGGGGTAT	4	4	0	0	0	0.0004	1.2836970474967908
GGGGGTGG	0	0	0	0	0	0	0
GGGGTCGT	4	4	0	0	0	0.0004	1.2836970474967908
GGGGTTGC	4	4	0	0	0	0.0004	1.2836970474967908
GGGTCTAC	0	0	0	0	0	0	0
GGGTTAAC	0	0	0	0	0	0	0
GGGTTATC	0	0	0	0	0	0	0
GGTAAACG	0	0	0	0	0	0	0
GGTAATAT	14	14	0	0	0	0.0014	4.492939666238767
GGTACCGA	8	8	0	0	0	0.0008	2.5673940949935816
GGTATGAT	4	4	0	0	0	0.0004	1.2836970474967908
GGTATGGG	10	10	0	0	0	0.001	3.209242618741977
GGTCACTA	0	0	0	0	0	0	0
GGTCAGTA	0	0	0	0	0	0	0
GGTCCCAT	6	6	0	0	0	0.0006	1.925545571245186
GGTGTAGG	0	0	0	0	0	0	0
GGTGTCAC	0	0	0	0	0	0	0
GGTGTCCC	0	0	0	0	0	0	0
GGTGTGTA	2	2	0	0	0	0.0002	0.6418485237483954
GGTTGAAA	2	2	0	0	0	0.0002	0.6418485237483954
GTAAACAG	2	2	0	0	0	0.0002	0.6418485237483954
GTAAAGCC	2	2	0	0	0	0.0002	0.6418485237483954
GTACCAAC	4	2	2	0	0	0.0004	1.2836970474967908
GTACGAGG	0	0	0	0	0	0	0
GTAGGTTG	2	2	0	0	0	0.0002	0.6418485237483954
GTAGTATG	0	0	0	0	0	0	0
GTATAACT	8	8	0	0	0	0.0008	2.5673940949935816
GTATAAGC	0	0	0	0	0	0	0
GTATCCAC	2	2	0	0	0	0.0002	0.6418485237483954
GTATCCTA	2	2	0	0	0	0.0002	0.6418485237483954
GTATGCCT	2	2	0	0	0	0.0002	0.6418485237483954
GTATTAGC	0	0	0	0	0	0	0
GTCAGCCC	2	2	0	0	0	0.0002	0.6418485237483954
GTCAGGCG	8	8	0	0	0	0.0008	2.5673940949935816
GTCATCGT	2	2	0	0	0	0.0002	0.6418485237483954
GTCCAATA	8	8	0	0	0	0.0008	2.5673940949935816
GTCCGCTT	0	0	0	0	0	0	0
GTCCTTCA	4	4	0	0	0	0.0004	1.2836970474967908
GTCGATGC	6	6	0	0	0	0.0006	1.925545571245186
GTCGCTTA	4	4	0	0	0	0.0004	1.2836970474967908
GTCGGTGT	6	6	0	0	0	0.0006	1.925545571245186
GTCTAGTT	0	0	0	0	0	0	0
GTCTCACC	6	6	0	0	0	0.0006	1.925545571245186
GTCTCGTT	0	0	0	0	0	0	0
GTCTGCAC	6	6	0	0	0	0.0006	1.925545571245186
GTCTGCTG	8	8	0	0	0	0.0008	2.5673940949935816
GTCTGGAA	0	0	0	0	0	0	0
GTCTGTTT	2	2	0	0	0	0.0002	0.6418485237483954
GTGAATTC	6	6	0	0	0	0.0006	1.925545571245186
GTGACCCA	10	10	0	0	0	0.001	3.209242618741977
GTGACTGC	2	2	0	0	0	0.0002	0.6418485237483954
GTGAGAAG	0	0	0	0	0	0	0
GTGAGGGT	4	4	0	0	0	0.0004	1.2836970474967908
GTGAGTAG	0	0	0	0	0	0	0
GTGCAAAG	2	2	0	0	0	0.0002	0.6418485237483954
GTGCGTAT	4	4	0	0	0	0.0004	1.2836970474967908
GTGCGTCC	0	0	0	0	0	0	0
GTGGCATG	6	6	0	0	0	0.0006	1.925545571245186
GTGGCGAG	4	4	0	0	0	0.0004	1.2836970474967908
GTGGGCAT	14	14	0	0	0	0.0014	4.492939666238767
GTGGTTCC	12	12	0	0	0	0.0012	3.851091142490372
GTGTCAGC	2	2	0	0	0	0.0002	0.6418485237483954
GTGTCGCG	2	2	0	0	0	0.0002	0.6418485237483954
GTGTGCGC	8	8	0	0	0	0.0008	2.5673940949935816
GTGTTCCC	4	4	0	0	0	0.0004	1.2836970474967908
GTGTTTCG	10	10	0	0	0	0.001	3.209242618741977
GTTAACGA	2	2	0	0	0	0.0002	0.6418485237483954
GTTAAGCG	0	0	0	0	0	0	0
GTTAATAA	4	4	0	0	0	0.0004	1.2836970474967908
GTTAGGCT	4	4	0	0	0	0.0004	1.2836970474967908
GTTCAGTT	10	10	0	0	0	0.001	3.209242618741977
GTTCATAG	0	0	0	0	0	0	0
GTTCGTAA	6	6	0	0	0	0.0006	1.925545571245186
GTTCTATC	4	4	0	0	0	0.0004	1.2836970474967908
GTTGATAG	0	0	0	0	0	0	0
GTTGCACG	8	8	0	0	0	0.0008	2.5673940949935816
GTTGCCTG	0	0	0	0	0	0	0
GTTGGGTG	2	2	0	0	0	0.0002	0.6418485237483954
GTTGGTCC	8	8	0	0	0	0.0008	2.5673940949935816
GTTGTATG	0	0	0	0	0	0	0
GTTTAATA	8	8	0	0	0	0.0008	2.5673940949935816
GTTTAGCC	2	2	0	0	0	0.0002	0.6418485237483954
NNNNNNNN	6884	0	0	0	0	0.6884	2209.242618741977
TAAAATCA	2	2	0	0	0	0.0002	0.6418485237483954
TAAACCAC	4	4	0	0	0	0.0004	1.2836970474967908
TAAACTGC	2	2	0	0	0	0.0002	0.6418485237483954
TAAAGAAC	0	0	0	0	0	0	0
TAAATGAC	2	2	0	0	0	0.0002	0.6418485237483954
TAACGCCT	0	0	0	0	0	0	0
TAACGGCT	0	0	0	0	0	0	0
TAAGAAAG	4	4	0	0	0	0.0004	1.2836970474967908
TAAGCGGC	0	0	0	0	0	0	0
TAAGGCTC	0	0	0	0	0	0	0
TAAGGGGT	2	2	0	0	0	0.0002	0.6418485237483954
TAATCAGT	2	2	0	0	0	0.0002	0.6418485237483954
TAATCGGC	0	0	0	0	0	0	0
TAATCTCA	2	2	0	0	0	0.0002	0.6418485237483954
TACAAGTC	4	4	0	0	0	0.0004	1.2836970474967908
TACACGAG	0	0	0	0	0	0	0
TACAGGCC	0	0	0	0	0	0	0
TACAGGGT	8	8	0	0	0	0.0008	2.5673940949935816
TACATGTT	4	4	0	0	0	0.0004	1.2836970474967908
TACATTCC	0	0	0	0	0	0	0
TACCAATC	4	4	0	0	0	0.0004	1.2836970474967908
TACCACAG	0	0	0	0	0	0	0
TACCCCTC	6	6	0	0	0	0.0006	1.925545571245186
TACCCGAG	0	0	0	0	0	0	0
TACGATAT	0	0	0	0	0	0	0
TACGCTAA	4	4	0	0	0	0.0004	1.2836970474967908
TACGGATT	4	4	0	0	0	0.0004	1.2836970474967908
TACGGTGG	0	0	0	0	0	0	0
TACGGTGT	0	0	0	0	0	0	0
TACTCGAA	6	6	0	0	0	0.0006	1.925545571245186
TACTCGGC	0	0	0	0	0	0	0
TACTGTGG	0	0	0	0	0	0	0
TAGAAATA	10	10	0	0	0	0.001	3.209242618741977
TAGACGTG	2	2	0	0	0	0.0002	0.6418485237483954
TAGATCGA	8	8	0	0	0	0.0008	2.5673940949935816
TAGCAACA	6	6	0	0	0	0.0006	1.925545571245186
TAGCCCAC	0	0	0	0	0	0	0
TAGCCGAC	0	0	0	0	0	0	0
TAGGACAT	4	4	0	0	0	0.0004	1.2836970474967908
TAGGATCT	2	2	0	0	0	0.0002	0.6418485237483954
TAGGGAAA	10	10	0	0	0	0.001	3.209242618741977
TAGTACAG	2	2	0	0	0	0.0002	0.6418485237483954
TAGTAGGC	0	0	0	0	0	0	0
TAGTCTCC	10	10	0	0	0	0.001	3.209242618741977
TAGTGACT	2	2	0	0	0	0.0002	0.6418485237483954
TAGTGAGG	4	4	0	0	0	0.0004	1.2836970474967908
TAGTGCTT	4	4	0	0	0	0.0004	1.2836970474967908
TATAAAAA	0	0	0	0	0	0	0
TATAGGAG	2	2	0	0	0	0.0002	0.6418485237483954
TATATAGT	0	0	0	0	0	0	0
TATCACCT	4	4	0	0	0	0.0004	1.2836970474967908
TATCACGG	2	2	0	0	0	0.0002	0.6418485237483954
TATCCAAC	2	2	0	0	0	0.0002	0.6418485237483954
TATCCTTT	8	8	0	0	0	0.0008	2.5673940949935816
TATCGCTC	4	4	0	0	0	0.0004	1.2836970474967908
TATCTTAA	0	0	0	0	0	0	0
TATCTTGA	0	0	0	0	0	0	0
TATGACAG	6	6	0	0	0	0.0006	1.925545571245186
TATGATCC	2	2	0	0	0	0.0002	0.6418485237483954
TATGCCGG	0	0	0	0	0	0	0
TATGGAGT	4	4	0	0	0	0.0004	1.2836970474967908
TATGTGAA	0	0	0	0	0	0	0
TATTAACT	6	6	0	0	0	0.0006	1.925545571245186
TATTCGGA	8	8	0	0	0	0.0008	2.5673940949935816
TATTGGCT	0	0	0	0	0	0	0
TATTGTCT	0	0	0	0	0	0	0
TATTTGAT	4	4	0	0	0	0.0004	1.2836970474967908
TATTTTAA	0	0	0	0	0	0	0
TCAAAAGC	0	0	0	0	0	0	0
TCAAACCG	4	4	0	0	0	0.0004	1.2836970474967908
TCAAACGC	0	0	0	0	0	0	0
TCAATCGA	0	0	0	0	0	0	0
TCAATGAG	0	0	0	0	0	0	0
TCAGAAAC	0	0	0	0	0	0	0
TCAGAAAT	0	0	0	0	0	0	0
TCAGCGGG	4	4	0	0	0	0.0004	1.2836970474967908
TCAGGTCG	2	2	0	0	0	0.0002	0.6418485237483954
TCAGTTTG	0	0	0	0	0	0	0
TCATAGGG	0	0	0	0	0	0	0
TCATGAAA	4	4	0	0	0	0.0004	1.2836970474967908
TCATGGGC	6	6	0	0	0	0.0006	1.925545571245186
TCATGGTG	6	6	0	0	0	0.0006	1.925545571245186
TCCACATC	6	6	0	0	0	0.0006	1.925545571245186
TCCACGCT	0	0	0	0	0	0	0
TCCAGAGT	0	0	0	0	0	0	0
TCCAGGAA	2	2	0	0	0	0.0002	0.6418485237483954
TCCATCAG	2	2	0	0	0	0.0002	0.6418485237483954
TCCATCCA	4	4	0	0	0	0.0004	1.2836970474967908
TCCATTCC	0	0	0	0	0	0	0
TCCCAACA	6	6	0	0	0	0.0006	1.925545571245186
TCCCCATG	12	12	0	0	0	0.0012	3.851091142490372
TCCCCCCA	2	2	0	0	0	0.0002	0.6418485237483954
TCCCGATA	0	0	0	0	0	0	0
TCCCGTTT	2	2	0	0	0	0.0002	0.6418485237483954
TCCCTGAA	6	6	0	0	0	0.0006	1.925545571245186
TCCGAAGA	0	0	0	0	0	0	0
TCCGCGCC	8	8	0	0	0	0.0008	2.5673940949935816
TCCGCGTA	10	10	0	0	0	0.001	3.209242618741977
TCCGCTGT	4	4	0	0	0	0.0004	1.2836970474967908
TCCGTTTG	0	0	0	0	0	0	0
TCCTCAAT	4	4	0	0	0	0.0004	1.2836970474967908
TCGAAACC	2	2	0	0	0	0.0002	0.6418485237483954
TCGAACCA	6	6	0	0	0	0.0006	1.925545571245186
TCGAAGCG	4	4	0	0	0	0.0004	1.2836970474967908
TCGACAAT	6	6	0	0	0	0.0006	1.925545571245186
TCGACGGA	2	0	2	0	0	0.0002	0.6418485237483954
TCGAGCCC	6	6	0	0	0	0.0006	1.925545571245186
TCGATGAG	0	0	0	0	0	0	0
TCGCGATA	0	0	0	0	0	0	0
TCGCGCAC	0	0	0	0	0	0	0
TCGCGCTC	0	0	0	0	0	0	0
TCGCTAGT	6	6	0	0	0	0.0006	1.925545571245186
TCGGGGCT	6	6	0	0	0	0.0006	1.925545571245186
TCGGGTGG	2	2	0	0	0	0.0002	0.6418485237483954
TCGGTAGA	2	2	0	0	0	0.0002	0.6418485237483954
TCGGTTAT	0	0	0	0	0	0	0
TCGTACTC	6	6	0	0	0	0.0006	1.925545571245186
TCGTCAAG	8	8	0	0	0	0.0008	2.5673940949935816
TCGTCGAC	4	4	0	0	0	0.0004	1.2836970474967908
TCGTGACC	0	0	0	0	0	0	0
TCGTTGTG	6	6	0	0	0	0.0006	1.925545571245186
TCGTTTTA	4	4	0	0	0	0.0004	1.2836970474967908
TCTAACGA	2	2	0	0	0	0.0002	0.6418485237483954
TCTAATCA	6	6	0	0	0	0.0006	1.925545571245186
TCTACGTG	0	0	0	0	0	0	0
TCTACTAA	4	4	0	0	0	0.0004	1.2836970474967908
TCTAGTTA	0	0	0	0	0	0	0
TCTATGAC	6	6	0	0	0	0.0006	1.925545571245186
TCTCCTAC	2	2	0	0	0	0.0002	0.6418485237483954
TCTCCTCG	4	4	0	0	0	0.0004	1.2836970474967908
TCTCGATC	10	10	0	0	0	0.001	3.209242618741977
TCTCGTTA	0	0	0	0	0	0	0
TCTGACGC	2	2	0	0	0	0.0002	0.6418485237483954
TCTGACTG	4	4	0	0	0	0.0004	1.2836970474967908
TCTGGCCC	4	4	0	0	0	0.0004	1.2836970474967908
TCTTCTCA	4	4	0	0	0	0.0004	1.2836970474967908
TCTTGACC	0	0	0	0	0	0	0
TCTTGCAA	2	2	0	0	0	0.0002	0.6418485237483954
TCTTGCTC	4	4	0	0	0	0.0004	1.2836970474967908
TCTTGGAT	0	0	0	0	0	0	0
TCTTTAGA	2	2	0	0	0	0.0002	0.6418485237483954
TCTTTCCC	6	6	0	0	0	0.0006	1.925545571245186
TCTTTGAG	4	4	0	0	0	0.0004	1.2836970474967908
TGAAAATT	4	4	0	0	0	0.0004	1.2836970474967908
TGAACACG	6	6	0	0	0	0.0006	1.925545571245186
TGAAGGGC	2	2	0	0	0	0.0002	0.6418485237483954
TGACAAGC	0	0	0	0	0	0	0
TGACACAG	6	6	0	0	0	0.0006	1.925545571245186
TGACGATA	8	8	0	0	0	0.0008	2.5673940949935816
TGACGGGA	0	0	0	0	0	0	0
TGACTATC	6	6	0	0	0	0.0006	1.925545571245186
TGACTGAA	0	0	0	0	0	0	0
TGACTGGA	0	0	0	0	0	0	0
TGACTTTA	8	8	0	0	0	0.0008	2.5673940949935816
TGAGGGAC	8	8	0	0	0	0.0008	2.5673940949935816
TGAGTAGA	4	4	0	0	0	0.0004	1.2836970474967908
TGATAAGA	8	8	0	0	0	0.0008	2.5673940949935816
TGATCACC	0	0	0	0	0	0	0
TGATCACT	0	0	0	0	0	0	0
TGATCATA	8	8	0	0	0	0.0008	2.5673940949935816
TGATCTGC	10	10	0	0	0	0.001	3.209242618741977
TGCAAACC	8	8	0	0	0	0.0008	2.5673940949935816
TGCACGCC	6	6	0	0	0	0.0006	1.925545571245186
TGCCCATA	4	4	0	0	0	0.0004	1.2836970474967908
TGCCGGAC	2	2	0	0	0	0.0002	0.6418485237483954
TGCCTAGG	2	2	0	0	0	0.0002	0.6418485237483954
TGCGATAA	8	8	0	0	0	0.0008	2.5673940949935816
TGCGGTGA	0	0	0	0	0	0	0
TGCGGTTT	4	4	0	0	0	0.0004	1.2836970474967908
TGCGTAAC	0	0	0	0	0	0	0
TGCGTGAA	0	0	0	0	0	0	0
TGCGTGAC	0	0	0	0	0	0	0
TGCTCGTT	4	4	0	0	0	0.0004	1.2836970474967908
TGCTGCTG	4	4	0	0	0	0.0004	1.2836970474967908
TGCTTATG	12	12	0	0	0	0.0012	3.851091142490372
TGGAGATA	4	4	0	0	0	0.0004	1.2836970474967908
TGGCTGCG	6	6	0	0	0	0.0006	1.925545571245186
TGGCTGTT	12	12	0	0	0	0.0012	3.851091142490372
TGGGATAC	0	0	0	0	0	0	0
TGGGATAT	0	0	0	0	0	0	0
TGGGCAGG	4	4	0	0	0	0.0004	1.2836970474967908
TGGGCTGA	8	8	0	0	0	0.0008	2.5673940949935816
TGGGGATG	4	4	0	0	0	0.0004	1.2836970474967908
TGGGTTTC	8	8	0	0	0	0.0008	2.5673940949935816
TGGTACAC	2	2	0	0	0	0.0002	0.6418485237483954
TGGTGAAA	0	0	0	0	0	0	0
TGGTGGAA	0	0	0	0	0	0	0
TGGTTAGA	6	6	0	0	0	0.0006	1.925545571245186
TGGTTCAT	0	0	0	0	0	0	0
TGGTTTAC	2	2	0	0	0	0.0002	0.6418485237483954
TGTAAATG	2	2	0	0	0	0.0002	0.6418485237483954
TGTACATA	2	2	0	0	0	0.0002	0.6418485237483954
TGTACCAG	6	6	0	0	0	0.0006	1.925545571245186
TGTACTGG	0	0	0	0	0	0	0
TGTAGGTC	4	4	0	0	0	0.0004	1.2836970474967908
TGTATTAG	6	6	0	0	0	0.0006	1.925545571245186
TGTCAAAG	6	6	0	0	0	0.0006	1.925545571245186
TGTGCAGC	0	0	0	0	0	0	0
TGTTCCAC	6	6	0	0	0	0.0006	1.925545571245186
TGTTGTGT	6	6	0	0	0	0.0006	1.925545571245186
TGTTGTTG	10	10	0	0	0	0.001	3.209242618741977
TGTTTAGT	0	0	0	0	0	0	0
TGTTTATT	0	0	0	0	0	0	0
TGTTTTTC	4	4	0	0	0	0.0004	1.2836970474967908
TTAAATAG	2	2	0	0	0	0.0002	0.6418485237483954
TTAAATCT	6	6	0	0	0	0.0006	1.925545571245186
TTAACCTT	2	2	0	0	0	0.0002	0.6418485237483954
TTAAGTCG	0	0	0	0	0	0	0
TTACGGTT	2	2	0	0	0	0.0002	0.6418485237483954
TTACTTGA	2	2	0	0	0	0.0002	0.6418485237483954
TTAGAGAA	4	4	0	0	0	0.0004	1.2836970474967908
TTAGGCTA	8	8	0	0	0	0.0008	2.5673940949935816
TTATAGAC	8	8	0	0	0	0.0008	2.5673940949935816
TTATCAGA	4	4	0	0	0	0.0004	1.2836970474967908
TTATGCGG	4	4	0	0	0	0.0004	1.2836970474967908
TTCAATCA	4	4	0	0	0	0.0004	1.2836970474967908
TTCACCAT	6	6	0	0	0	0.0006	1.925545571245186
TTCAGGAG	0	0	0	0	0	0	0
TTCCACAC	6	6	0	0	0	0.0006	1.925545571245186
TTCCACCA	6	6	0	0	0	0.0006	1.925545571245186
TTCCTGAG	6	6	0	0	0	0.0006	1.925545571245186
TTCCTTGG	10	10	0	0	0	0.001	3.209242618741977
TTCGAGGC	4	4	0	0	0	0.0004	1.2836970474967908
TTCGAGTA	0	0	0	0	0	0	0
TTCGCCCA	6	6	0	0	0	0.0006	1.925545571245186
TTCGGCAC	0	0	0	0	0	0	0
TTCGTCAC	0	0	0	0	0	0	0
TTCGTTGA	4	4	0	0	0	0.0004	1.2836970474967908
TTCTATGT	6	6	0	0	0	0.0006	1.925545571245186
TTCTCATC	0	0	0	0	0	0	0
TTCTTAAT	0	0	0	0	0	0	0
TTCTTTAG	2	2	0	0	0	0.0002	0.6418485237483954
TTGCAATC	8	6	2	0	0	0.0008	2.5673940949935816
TTGCATTT	0	0	0	0	0	0	0
TTGCGATT	4	4	0	0	0	0.0004	1.2836970474967908
TTGCTAAC	6	6	0	0	0	0.0006	1.925545571245186
TTGCTTGT	6	6	0	0	0	0.0006	1.925545571245186
TTGGCCTA	10	10	0	0	0	0.001	3.209242618741977
TTGTCCGC	6	6	0	0	0	0.0006	1.925545571245186
TTGTCTAA	0	0	0	0	0	0	0
TTGTTCAG	6	6	0	0	0	0.0006	1.925545571245186
TTTAACTC	6	6	0	0	0	0.0006	1.925545571245186
TTTAATGT	0	0	0	0	0	0	0
TTTACTGT	0	0	0	0	0	0	0
TTTAGAAG	2	2	0	0	0	0.0002	0.6418485237483954
TTTAGATT	4	4	0	0	0	0.0004	1.2836970474967908
TTTAGCAA	0	0	0	0	0	0	0
TTTAGCGC	4	4	0	0	0	0.0004	1.2836970474967908
TTTAGTGG	10	10	0	0	0	0.001	3.209242618741977
TTTCAGAG	2	2	0	0	0	0.0002	0.6418485237483954
TTTCCCGC	6	6	0	0	0	0.0006	1.925545571245186
TTTCTGGA	2	2	0	0	0	0.0002	0.6418485237483954
TTTGCGCG	2	2	0	0	0	0.0002	0.6418485237483954
TTTTGGAT	0	0	0	0	0	0	0
TTTTTATG	6	6	0	0	0	0.0006	1.925545571245186
