umi	raw_observations	raw_observations_with_errors	unique_observations	fraction_raw_observations	fraction_unique_observations
AAAA	69	0	21	0.0057924781732706515	0.00525
AAAC	46	0	18	0.0038616521155137675	0.0045
AAAG	69	0	23	0.0057924781732706515	0.00575
AAAT	32	0	10	0.002686366689053056	0.0025
AACA	47	0	15	0.003945601074546675	0.00375
AACC	54	0	15	0.004533243787777031	0.00375
AACG	44	0	9	0.0036937541974479517	0.00225
AACT	33	0	10	0.0027703156480859636	0.0025
AAGA	38	0	14	0.0031900604432505038	0.0035
AAGC	75	0	24	0.006296171927468099	0.006
AAGG	38	0	15	0.0031900604432505038	0.00375
AAGT	39	0	12	0.0032740094022834115	0.003
AATA	26	0	12	0.002182672934855608	0.003
AATC	51	0	18	0.004281396910678308	0.0045
AATG	31	0	12	0.0026024177300201477	0.003
AATT	64	0	18	0.005372733378106112	0.0045
ACAA	37	0	12	0.0031061114842175956	0.003
ACAC	27	0	11	0.0022666218938885156	0.00275
ACAG	54	0	14	0.004533243787777031	0.0035
ACAT	45	0	14	0.00377770315648086	0.0035
ACCA	78	0	20	0.006548018804566823	0.005
ACCC	31	0	11	0.0026024177300201477	0.00275
ACCG	63	0	21	0.005288784419073204	0.00525
ACCT	47	0	17	0.003945601074546675	0.00425
ACGA	35	0	14	0.00293821356615178	0.0035
ACGC	77	0	24	0.006464069845533916	0.006
ACGG	52	0	16	0.004365345869711216	0.004
ACGT	35	0	12	0.00293821356615178	0.003
ACTA	41	0	15	0.0034419073203492277	0.00375
ACTC	30	0	9	0.0025184687709872396	0.00225
ACTG	48	0	13	0.004029550033579583	0.00325
ACTT	29	0	10	0.002434519811954332	0.0025
AGAA	42	0	14	0.003525856279382136	0.0035
AGAC	34	0	14	0.0028542646071188717	0.0035
AGAG	33	0	14	0.0027703156480859636	0.0035
AGAT	41	0	15	0.0034419073203492277	0.00375
AGCA	45	0	14	0.00377770315648086	0.0035
AGCC	61	0	18	0.005120886501007387	0.0045
AGCG	44	0	18	0.0036937541974479517	0.0045
AGCT	37	0	16	0.0031061114842175956	0.004
AGGA	57	0	16	0.004785090664875756	0.004
AGGC	30	0	11	0.0025184687709872396	0.00275
AGGG	42	0	15	0.003525856279382136	0.00375
AGGT	35	0	11	0.00293821356615178	0.00275
AGTA	44	0	15	0.0036937541974479517	0.00375
AGTC	39	0	16	0.0032740094022834115	0.004
AGTG	57	0	16	0.004785090664875756	0.004
AGTT	61	0	19	0.005120886501007387	0.00475
ATAA	28	0	13	0.0023505708529214238	0.00325
ATAC	51	0	19	0.004281396910678308	0.00475
ATAG	35	0	13	0.00293821356615178	0.00325
ATAT	62	0	21	0.0052048354600402955	0.00525
ATCA	41	0	14	0.0034419073203492277	0.0035
ATCC	35	0	13	0.00293821356615178	0.00325
ATCG	44	0	13	0.0036937541974479517	0.00325
ATCT	50	0	20	0.0041974479516454	0.005
ATGA	63	0	18	0.005288784419073204	0.0045
ATGC	45	0	17	0.00377770315648086	0.00425
ATGG	41	0	16	0.0034419073203492277	0.004
ATGT	76	0	24	0.0063801208865010076	0.006
ATTA	31	0	14	0.0026024177300201477	0.0035
ATTC	53	0	14	0.004449294828744123	0.0035
ATTG	43	0	16	0.0036098052384150436	0.004
ATTT	55	0	22	0.004617192746809939	0.0055
CAAA	35	0	13	0.00293821356615178	0.00325
CAAC	51	0	17	0.004281396910678308	0.00425
CAAG	50	0	14	0.0041974479516454	0.0035
CAAT	45	0	17	0.00377770315648086	0.00425
CACA	35	0	14	0.00293821356615178	0.0035
CACC	60	0	17	0.005036937541974479	0.00425
CACG	59	0	14	0.004952988582941572	0.0035
CACT	44	0	16	0.0036937541974479517	0.004
CAGA	51	0	13	0.004281396910678308	0.00325
CAGC	43	0	18	0.0036098052384150436	0.0045
CAGG	60	0	17	0.005036937541974479	0.00425
CAGT	35	0	10	0.00293821356615178	0.0025
CATA	61	0	18	0.005120886501007387	0.0045
CATC	59	0	17	0.004952988582941572	0.00425
CATG	19	0	8	0.0015950302216252519	0.002
CATT	59	0	17	0.004952988582941572	0.00425
CCAA	42	0	11	0.003525856279382136	0.00275
CCAC	57	0	18	0.004785090664875756	0.0045
CCAG	59	0	15	0.004952988582941572	0.00375
CCAT	60	0	20	0.005036937541974479	0.005
CCCA	41	0	12	0.0034419073203492277	0.003
CCCC	52	0	21	0.004365345869711216	0.00525
CCCG	22	0	10	0.0018468770987239758	0.0025
CCCT	41	0	16	0.0034419073203492277	0.004
CCGA	45	0	16	0.00377770315648086	0.004
CCGC	35	0	12	0.00293821356615178	0.003
CCGG	38	0	12	0.0031900604432505038	0.003
CCGT	41	0	14	0.0034419073203492277	0.0035
CCTA	48	0	18	0.004029550033579583	0.0045
CCTC	56	0	14	0.0047011417058428475	0.0035
CCTG	30	0	12	0.0025184687709872396	0.003
CCTT	23	0	9	0.0019308260577568838	0.00225
CGAA	29	0	13	0.002434519811954332	0.00325
CGAC	51	0	16	0.004281396910678308	0.004
CGAG	54	0	14	0.004533243787777031	0.0035
CGAT	35	0	16	0.00293821356615178	0.004
CGCA	52	0	13	0.004365345869711216	0.00325
CGCC	63	0	21	0.005288784419073204	0.00525
CGCG	44	0	16	0.0036937541974479517	0.004
CGCT	44	0	20	0.0036937541974479517	0.005
CGGA	57	0	16	0.004785090664875756	0.004
CGGC	54	0	15	0.004533243787777031	0.00375
CGGG	52	0	14	0.004365345869711216	0.0035
CGGT	44	0	16	0.0036937541974479517	0.004
CGTA	29	0	11	0.002434519811954332	0.00275
CGTC	39	0	12	0.0032740094022834115	0.003
CGTG	40	0	12	0.0033579583613163196	0.003
CGTT	51	0	18	0.004281396910678308	0.0045
CTAA	57	0	19	0.004785090664875756	0.00475
CTAC	62	0	21	0.0052048354600402955	0.00525
CTAG	38	0	16	0.0031900604432505038	0.004
CTAT	69	0	21	0.0057924781732706515	0.00525
CTCA	35	0	16	0.00293821356615178	0.004
CTCC	48	0	15	0.004029550033579583	0.00375
CTCG	42	0	14	0.003525856279382136	0.0035
CTCT	36	0	16	0.0030221625251846875	0.004
CTGA	55	0	17	0.004617192746809939	0.00425
CTGC	62	0	20	0.0052048354600402955	0.005
CTGG	28	0	12	0.0023505708529214238	0.003
CTGT	37	0	12	0.0031061114842175956	0.003
CTTA	33	0	14	0.0027703156480859636	0.0035
CTTC	43	0	16	0.0036098052384150436	0.004
CTTG	59	0	18	0.004952988582941572	0.0045
CTTT	20	0	9	0.0016789791806581598	0.00225
GAAA	33	0	11	0.0027703156480859636	0.00275
GAAC	31	0	10	0.0026024177300201477	0.0025
GAAG	33	0	12	0.0027703156480859636	0.003
GAAT	57	0	18	0.004785090664875756	0.0045
GACA	84	0	20	0.007051712558764272	0.005
GACC	38	0	13	0.0031900604432505038	0.00325
GACG	56	0	20	0.0047011417058428475	0.005
GACT	34	0	14	0.0028542646071188717	0.0035
GAGA	47	0	15	0.003945601074546675	0.00375
GAGC	41	0	15	0.0034419073203492277	0.00375
GAGG	69	0	25	0.0057924781732706515	0.00625
GAGT	52	0	16	0.004365345869711216	0.004
GATA	70	0	19	0.00587642713230356	0.00475
GATC	38	0	11	0.0031900604432505038	0.00275
GATG	76	0	25	0.0063801208865010076	0.00625
GATT	53	0	18	0.004449294828744123	0.0045
GCAA	22	0	9	0.0018468770987239758	0.00225
GCAC	49	0	18	0.0041134989926124915	0.0045
GCAG	50	0	21	0.0041974479516454	0.00525
GCAT	87	0	21	0.007303559435862995	0.00525
GCCA	73	0	24	0.006128274009402283	0.006
GCCC	33	0	15	0.0027703156480859636	0.00375
GCCG	35	0	14	0.00293821356615178	0.0035
GCCT	51	0	15	0.004281396910678308	0.00375
GCGA	53	0	18	0.004449294828744123	0.0045
GCGC	50	0	18	0.0041974479516454	0.0045
GCGG	75	0	21	0.006296171927468099	0.00525
GCGT	37	0	14	0.0031061114842175956	0.0035
GCTA	46	0	18	0.0038616521155137675	0.0045
GCTC	56	0	16	0.0047011417058428475	0.004
GCTG	54	0	14	0.004533243787777031	0.0035
GCTT	17	0	8	0.0014271323035594358	0.002
GGAA	74	0	20	0.006212222968435191	0.005
GGAC	37	0	11	0.0031061114842175956	0.00275
GGAG	52	0	18	0.004365345869711216	0.0045
GGAT	34	0	12	0.0028542646071188717	0.003
GGCA	32	0	12	0.002686366689053056	0.003
GGCC	43	0	12	0.0036098052384150436	0.003
GGCG	51	0	11	0.004281396910678308	0.00275
GGCT	67	0	20	0.005624580255204835	0.005
GGGA	56	0	21	0.0047011417058428475	0.00525
GGGC	41	0	17	0.0034419073203492277	0.00425
GGGG	31	0	16	0.0026024177300201477	0.004
GGGT	53	0	20	0.004449294828744123	0.005
GGTA	62	0	16	0.0052048354600402955	0.004
GGTC	45	0	15	0.00377770315648086	0.00375
GGTG	47	0	16	0.003945601074546675	0.004
GGTT	71	0	20	0.005960376091336468	0.005
GTAA	41	0	12	0.0034419073203492277	0.003
GTAC	39	0	16	0.0032740094022834115	0.004
GTAG	47	0	14	0.003945601074546675	0.0035
GTAT	47	0	15	0.003945601074546675	0.00375
GTCA	27	0	8	0.0022666218938885156	0.002
GTCC	33	0	14	0.0027703156480859636	0.0035
GTCG	54	0	15	0.004533243787777031	0.00375
GTCT	27	0	12	0.0022666218938885156	0.003
GTGA	51	0	17	0.004281396910678308	0.00425
GTGC	43	0	21	0.0036098052384150436	0.00525
GTGG	71	0	22	0.005960376091336468	0.0055
GTGT	52	0	15	0.004365345869711216	0.00375
GTTA	29	0	13	0.002434519811954332	0.00325
GTTC	66	0	20	0.005540631296171927	0.005
GTTG	38	0	12	0.0031900604432505038	0.003
GTTT	35	0	17	0.00293821356615178	0.00425
TAAA	42	0	18	0.003525856279382136	0.0045
TAAC	63	0	18	0.005288784419073204	0.0045
TAAG	40	0	13	0.0033579583613163196	0.00325
TAAT	33	0	12	0.0027703156480859636	0.003
TACA	32	0	12	0.002686366689053056	0.003
TACC	39	0	13	0.0032740094022834115	0.00325
TACG	27	0	9	0.0022666218938885156	0.00225
TACT	52	0	19	0.004365345869711216	0.00475
TAGA	65	0	20	0.00545668233713902	0.005
TAGC	43	0	17	0.0036098052384150436	0.00425
TAGG	51	0	17	0.004281396910678308	0.00425
TAGT	64	0	16	0.005372733378106112	0.004
TATA	56	0	19	0.0047011417058428475	0.00475
TATC	27	0	14	0.0022666218938885156	0.0035
TATG	42	0	17	0.003525856279382136	0.00425
TATT	45	0	16	0.00377770315648086	0.004
TCAA	58	0	21	0.004869039623908664	0.00525
TCAC	39	0	14	0.0032740094022834115	0.0035
TCAG	40	0	15	0.0033579583613163196	0.00375
TCAT	55	0	18	0.004617192746809939	0.0045
TCCA	38	0	18	0.0031900604432505038	0.0045
TCCC	49	0	18	0.0041134989926124915	0.0045
TCCG	42	0	17	0.003525856279382136	0.00425
TCCT	60	0	17	0.005036937541974479	0.00425
TCGA	43	0	14	0.0036098052384150436	0.0035
TCGC	38	0	14	0.0031900604432505038	0.0035
TCGG	31	0	10	0.0026024177300201477	0.0025
TCGT	40	0	16	0.0033579583613163196	0.004
TCTA	37	0	12	0.0031061114842175956	0.003
TCTC	59	0	17	0.004952988582941572	0.00425
TCTG	45	0	15	0.00377770315648086	0.00375
TCTT	39	0	12	0.0032740094022834115	0.003
TGAA	58	0	17	0.004869039623908664	0.00425
TGAC	54	0	17	0.004533243787777031	0.00425
TGAG	55	0	20	0.004617192746809939	0.005
TGAT	27	0	10	0.0022666218938885156	0.0025
TGCA	48	0	17	0.004029550033579583	0.00425
TGCC	46	0	14	0.0038616521155137675	0.0035
TGCG	72	0	20	0.006044325050369375	0.005
TGCT	46	0	20	0.0038616521155137675	0.005
TGGA	24	0	11	0.0020147750167897917	0.00275
TGGC	47	0	15	0.003945601074546675	0.00375
TGGG	49	0	16	0.0041134989926124915	0.004
TGGT	46	0	17	0.0038616521155137675	0.00425
TGTA	58	0	18	0.004869039623908664	0.0045
TGTC	52	0	14	0.004365345869711216	0.0035
TGTG	55	0	19	0.004617192746809939	0.00475
TGTT	49	0	15	0.0041134989926124915	0.00375
TTAA	42	0	14	0.003525856279382136	0.0035
TTAC	33	0	12	0.0027703156480859636	0.003
TTAG	37	0	11	0.0031061114842175956	0.00275
TTAT	46	0	21	0.0038616521155137675	0.00525
TTCA	42	0	18	0.003525856279382136	0.0045
TTCC	49	0	19	0.0041134989926124915	0.00475
TTCG	26	0	12	0.002182672934855608	0.003
TTCT	32	0	17	0.002686366689053056	0.00425
TTGA	55	0	15	0.004617192746809939	0.00375
TTGC	70	0	24	0.00587642713230356	0.006
TTGG	46	0	15	0.0038616521155137675	0.00375
TTGT	62	0	19	0.0052048354600402955	0.00475
TTTA	61	0	17	0.005120886501007387	0.00425
TTTC	44	0	14	0.0036937541974479517	0.0035
TTTG	41	0	15	0.0034419073203492277	0.00375
TTTT	52	0	16	0.004365345869711216	0.004
