umi	raw_observations	raw_observations_with_errors	unique_observations	fraction_raw_observations	fraction_unique_observations
AAAAACTC	3	0	1	0.0004940711462450593	0.0005
AAAACTAT	2	0	1	0.00032938076416337287	0.0005
AAAAGCGA	1	0	1	0.00016469038208168644	0.0005
AAAAGCGT	1	0	1	0.00016469038208168644	0.0005
AAAAGTAG	2	0	1	0.00032938076416337287	0.0005
AAAATTCC	2	0	1	0.00032938076416337287	0.0005
AAACAGGA	7	0	1	0.001152832674571805	0.0005
AAACCAGA	2	0	1	0.00032938076416337287	0.0005
AAACGGAT	1	0	1	0.00016469038208168644	0.0005
AAACTTAT	7	0	1	0.001152832674571805	0.0005
AAAGAACC	6	0	1	0.0009881422924901185	0.0005
AAAGCCCA	1	0	1	0.00016469038208168644	0.0005
AAAGCGAT	1	0	1	0.00016469038208168644	0.0005
AAAGGATT	1	0	1	0.00016469038208168644	0.0005
AAAGTCGA	2	0	1	0.00032938076416337287	0.0005
AAAGTGAT	5	0	1	0.0008234519104084321	0.0005
AAAGTGGC	2	0	1	0.00032938076416337287	0.0005
AAAGTTAT	5	0	1	0.0008234519104084321	0.0005
AAATAATG	4	0	1	0.0006587615283267457	0.0005
AAATATCG	5	0	1	0.0008234519104084321	0.0005
AAATCCAT	1	0	1	0.00016469038208168644	0.0005
AAATCGCA	2	0	1	0.00032938076416337287	0.0005
AAATGGGG	5	0	1	0.0008234519104084321	0.0005
AAATGTGC	3	0	1	0.0004940711462450593	0.0005
AAATGTTT	1	0	1	0.00016469038208168644	0.0005
AAATTGTC	3	0	1	0.0004940711462450593	0.0005
AAATTTGA	1	0	1	0.00016469038208168644	0.0005
AAATTTTT	8	0	1	0.0013175230566534915	0.0005
AACAAACC	6	0	1	0.0009881422924901185	0.0005
AACAACAG	1	0	1	0.00016469038208168644	0.0005
AACAAGGG	3	0	1	0.0004940711462450593	0.0005
AACACTCT	2	0	1	0.00032938076416337287	0.0005
AACAGATT	1	0	1	0.00016469038208168644	0.0005
AACAGCTG	6	0	1	0.0009881422924901185	0.0005
AACAGTCG	1	0	1	0.00016469038208168644	0.0005
AACAGTTC	1	0	1	0.00016469038208168644	0.0005
AACATCAA	1	0	1	0.00016469038208168644	0.0005
AACATGAC	2	0	1	0.00032938076416337287	0.0005
AACCACCA	1	0	1	0.00016469038208168644	0.0005
AACCCGGT	3	0	1	0.0004940711462450593	0.0005
AACCGATA	2	0	1	0.00032938076416337287	0.0005
AACCGGAT	4	0	1	0.0006587615283267457	0.0005
AACCGGCA	1	0	1	0.00016469038208168644	0.0005
AACCGTGG	1	0	1	0.00016469038208168644	0.0005
AACCTTAA	1	0	1	0.00016469038208168644	0.0005
AACCTTGT	1	0	1	0.00016469038208168644	0.0005
AACGCTTT	3	0	1	0.0004940711462450593	0.0005
AACGTGAT	10	0	1	0.0016469038208168643	0.0005
AACGTTTC	3	0	1	0.0004940711462450593	0.0005
AACTACAT	3	0	1	0.0004940711462450593	0.0005
AACTCAAC	2	0	1	0.00032938076416337287	0.0005
AACTCATC	3	0	1	0.0004940711462450593	0.0005
AACTTAAC	2	0	1	0.00032938076416337287	0.0005
AACTTCCT	6	0	1	0.0009881422924901185	0.0005
AAGAAAAT	4	0	1	0.0006587615283267457	0.0005
AAGACCTT	5	0	1	0.0008234519104084321	0.0005
AAGACGAT	3	0	1	0.0004940711462450593	0.0005
AAGAGAAA	3	0	1	0.0004940711462450593	0.0005
AAGATAAA	3	0	1	0.0004940711462450593	0.0005
AAGCAAAA	5	0	1	0.0008234519104084321	0.0005
AAGCAAGT	3	0	1	0.0004940711462450593	0.0005
AAGCACAG	2	0	1	0.00032938076416337287	0.0005
AAGCACGG	2	0	1	0.00032938076416337287	0.0005
AAGCCCCA	2	0	1	0.00032938076416337287	0.0005
AAGCCGTA	7	0	1	0.001152832674571805	0.0005
AAGCGATG	8	0	1	0.0013175230566534915	0.0005
AAGCGGGT	4	0	1	0.0006587615283267457	0.0005
AAGCTGAA	1	0	1	0.00016469038208168644	0.0005
AAGCTGGC	10	0	2	0.0016469038208168643	0.001
AAGCTTTT	2	0	1	0.00032938076416337287	0.0005
AAGGAGCA	9	0	1	0.0014822134387351778	0.0005
AAGGAGGG	7	0	1	0.001152832674571805	0.0005
AAGGATAT	5	0	1	0.0008234519104084321	0.0005
AAGGATCA	3	0	1	0.0004940711462450593	0.0005
AAGGCAGG	1	0	1	0.00016469038208168644	0.0005
AAGGCTAT	2	0	1	0.00032938076416337287	0.0005
AAGGGCCT	4	0	1	0.0006587615283267457	0.0005
AAGGTATC	4	0	1	0.0006587615283267457	0.0005
AAGTACGT	2	0	1	0.00032938076416337287	0.0005
AAGTATGG	2	0	1	0.00032938076416337287	0.0005
AAGTCAAT	3	0	1	0.0004940711462450593	0.0005
AAGTCTTC	5	0	1	0.0008234519104084321	0.0005
AAGTGGGC	2	0	1	0.00032938076416337287	0.0005
AAGTTCAT	4	0	1	0.0006587615283267457	0.0005
AAGTTGCG	5	0	1	0.0008234519104084321	0.0005
AATAATCC	4	0	1	0.0006587615283267457	0.0005
AATAATCG	4	0	1	0.0006587615283267457	0.0005
AATACATT	1	0	1	0.00016469038208168644	0.0005
AATAGTGG	1	0	1	0.00016469038208168644	0.0005
AATATGGC	1	0	1	0.00016469038208168644	0.0005
AATCCCTC	1	0	1	0.00016469038208168644	0.0005
AATCCGCG	5	0	1	0.0008234519104084321	0.0005
AATCGGGT	4	0	1	0.0006587615283267457	0.0005
AATCGTGA	3	0	1	0.0004940711462450593	0.0005
AATCTCAA	2	0	1	0.00032938076416337287	0.0005
AATCTCGG	4	0	1	0.0006587615283267457	0.0005
AATCTGTC	1	0	1	0.00016469038208168644	0.0005
AATGAACC	5	0	1	0.0008234519104084321	0.0005
AATGAAGT	1	0	1	0.00016469038208168644	0.0005
AATGACAA	2	0	1	0.00032938076416337287	0.0005
AATGATGG	1	0	1	0.00016469038208168644	0.0005
AATGGCAT	4	0	1	0.0006587615283267457	0.0005
AATGGGAA	1	0	1	0.00016469038208168644	0.0005
AATGTACA	4	0	1	0.0006587615283267457	0.0005
AATTTCAT	1	0	1	0.00016469038208168644	0.0005
AATTTCTG	6	0	1	0.0009881422924901185	0.0005
AATTTGAC	1	0	1	0.00016469038208168644	0.0005
ACAAACGC	2	0	1	0.00032938076416337287	0.0005
ACAACTCG	2	0	1	0.00032938076416337287	0.0005
ACAAGGTG	2	0	1	0.00032938076416337287	0.0005
ACAATCGG	2	0	1	0.00032938076416337287	0.0005
ACAATGGC	5	0	1	0.0008234519104084321	0.0005
ACACATGA	1	0	1	0.00016469038208168644	0.0005
ACACCTAG	1	0	1	0.00016469038208168644	0.0005
ACACGAGA	3	0	1	0.0004940711462450593	0.0005
ACACGCCG	3	0	1	0.0004940711462450593	0.0005
ACACGTGT	5	0	1	0.0008234519104084321	0.0005
ACACGTTG	4	0	1	0.0006587615283267457	0.0005
ACACTAGG	2	0	1	0.00032938076416337287	0.0005
ACACTCGT	5	0	1	0.0008234519104084321	0.0005
ACACTCTG	4	0	1	0.0006587615283267457	0.0005
ACACTGAT	2	0	1	0.00032938076416337287	0.0005
ACACTGTC	2	0	1	0.00032938076416337287	0.0005
ACAGAAGC	2	0	1	0.00032938076416337287	0.0005
ACAGAGCA	1	0	1	0.00016469038208168644	0.0005
ACAGAGTA	4	0	1	0.0006587615283267457	0.0005
ACAGCCTA	2	0	1	0.00032938076416337287	0.0005
ACAGCGGG	1	0	1	0.00016469038208168644	0.0005
ACAGCTAT	2	0	1	0.00032938076416337287	0.0005
ACAGGGAT	7	0	1	0.001152832674571805	0.0005
ACAGGGGC	7	0	1	0.001152832674571805	0.0005
ACAGTTGA	3	0	1	0.0004940711462450593	0.0005
ACATAACA	2	0	1	0.00032938076416337287	0.0005
ACATAATG	4	0	1	0.0006587615283267457	0.0005
ACATACGT	3	0	1	0.0004940711462450593	0.0005
ACATGAAA	6	0	1	0.0009881422924901185	0.0005
ACATGACG	5	0	1	0.0008234519104084321	0.0005
ACATGAGA	3	0	1	0.0004940711462450593	0.0005
ACATGCAT	1	0	1	0.00016469038208168644	0.0005
ACATGCCG	2	0	1	0.00032938076416337287	0.0005
ACATGGCT	6	0	1	0.0009881422924901185	0.0005
ACATTCCG	3	0	1	0.0004940711462450593	0.0005
ACATTGGT	4	0	1	0.0006587615283267457	0.0005
ACATTTAC	2	0	1	0.00032938076416337287	0.0005
ACCAAACG	2	0	1	0.00032938076416337287	0.0005
ACCAGCTC	2	0	1	0.00032938076416337287	0.0005
ACCATCAT	4	0	1	0.0006587615283267457	0.0005
ACCATCCG	5	0	1	0.0008234519104084321	0.0005
ACCCAGAG	3	0	1	0.0004940711462450593	0.0005
ACCCAGAT	12	0	1	0.001976284584980237	0.0005
ACCCAGCC	2	0	1	0.00032938076416337287	0.0005
ACCCAGTA	1	0	1	0.00016469038208168644	0.0005
ACCCCAGA	2	0	1	0.00032938076416337287	0.0005
ACCCCTTC	6	0	1	0.0009881422924901185	0.0005
ACCCGCGT	8	0	1	0.0013175230566534915	0.0005
ACCCTACG	2	0	1	0.00032938076416337287	0.0005
ACCCTACT	4	0	1	0.0006587615283267457	0.0005
ACCCTCCT	3	0	1	0.0004940711462450593	0.0005
ACCGCACA	2	0	1	0.00032938076416337287	0.0005
ACCGCCTA	3	0	1	0.0004940711462450593	0.0005
ACCGGCAG	1	0	1	0.00016469038208168644	0.0005
ACCGGCGA	2	0	1	0.00032938076416337287	0.0005
ACCGGTAC	4	0	1	0.0006587615283267457	0.0005
ACCGTCGA	6	0	1	0.0009881422924901185	0.0005
ACCGTGCG	4	0	1	0.0006587615283267457	0.0005
ACCGTGGA	3	0	1	0.0004940711462450593	0.0005
ACCGTGGC	3	0	1	0.0004940711462450593	0.0005
ACCGTGTC	3	0	1	0.0004940711462450593	0.0005
ACCGTTCT	1	0	1	0.00016469038208168644	0.0005
ACCTAAAT	2	0	1	0.00032938076416337287	0.0005
ACCTACCC	1	0	1	0.00016469038208168644	0.0005
ACCTACTT	1	0	1	0.00016469038208168644	0.0005
ACCTGGAA	2	0	1	0.00032938076416337287	0.0005
ACCTGGTG	4	0	1	0.0006587615283267457	0.0005
ACCTTGCA	3	0	1	0.0004940711462450593	0.0005
ACGAACCC	3	0	1	0.0004940711462450593	0.0005
ACGAAGCT	7	0	1	0.001152832674571805	0.0005
ACGAAGTG	2	0	1	0.00032938076416337287	0.0005
ACGAATTG	1	0	1	0.00016469038208168644	0.0005
ACGACGAA	2	0	1	0.00032938076416337287	0.0005
ACGACTTC	3	0	1	0.0004940711462450593	0.0005
ACGAGAGT	2	0	1	0.00032938076416337287	0.0005
ACGAGCCT	7	0	1	0.001152832674571805	0.0005
ACGAGGTC	11	0	1	0.0018115942028985507	0.0005
ACGATATG	2	0	1	0.00032938076416337287	0.0005
ACGATGAT	4	0	1	0.0006587615283267457	0.0005
ACGATGCG	4	0	1	0.0006587615283267457	0.0005
ACGCACAC	2	0	1	0.00032938076416337287	0.0005
ACGCATTC	3	0	1	0.0004940711462450593	0.0005
ACGCCAAT	2	0	1	0.00032938076416337287	0.0005
ACGCCCTG	3	0	1	0.0004940711462450593	0.0005
ACGCCGGC	1	0	1	0.00016469038208168644	0.0005
ACGCGACG	4	0	1	0.0006587615283267457	0.0005
ACGCGGTT	2	0	1	0.00032938076416337287	0.0005
ACGCTAAA	2	0	1	0.00032938076416337287	0.0005
ACGCTGTG	4	0	1	0.0006587615283267457	0.0005
ACGCTTAC	2	0	1	0.00032938076416337287	0.0005
ACGCTTCC	1	0	1	0.00016469038208168644	0.0005
ACGGCAAG	2	0	1	0.00032938076416337287	0.0005
ACGGCCCT	2	0	1	0.00032938076416337287	0.0005
ACGGGCAG	6	0	1	0.0009881422924901185	0.0005
ACGGGTTC	2	0	1	0.00032938076416337287	0.0005
ACGTATTG	6	0	1	0.0009881422924901185	0.0005
ACGTCAAA	3	0	1	0.0004940711462450593	0.0005
ACGTCACC	1	0	1	0.00016469038208168644	0.0005
ACGTCATG	1	0	1	0.00016469038208168644	0.0005
ACGTCGGT	4	0	1	0.0006587615283267457	0.0005
ACGTCGTG	5	0	1	0.0008234519104084321	0.0005
ACGTCTAG	2	0	1	0.00032938076416337287	0.0005
ACGTGGAG	3	0	1	0.0004940711462450593	0.0005
ACGTGTAA	3	0	1	0.0004940711462450593	0.0005
ACGTTACC	2	0	1	0.00032938076416337287	0.0005
ACGTTCTA	4	0	1	0.0006587615283267457	0.0005
ACGTTGTT	8	0	1	0.0013175230566534915	0.0005
ACTAATTT	1	0	1	0.00016469038208168644	0.0005
ACTACAAT	2	0	1	0.00032938076416337287	0.0005
ACTACACA	2	0	1	0.00032938076416337287	0.0005
ACTAGCGT	3	0	1	0.0004940711462450593	0.0005
ACTATGCC	1	0	1	0.00016469038208168644	0.0005
ACTCAGTT	1	0	1	0.00016469038208168644	0.0005
ACTCCAAT	2	0	1	0.00032938076416337287	0.0005
ACTCCCAC	2	0	1	0.00032938076416337287	0.0005
ACTCCGTC	2	0	1	0.00032938076416337287	0.0005
ACTCCTTC	7	0	2	0.001152832674571805	0.001
ACTCGAAA	4	0	1	0.0006587615283267457	0.0005
ACTCTATC	4	0	1	0.0006587615283267457	0.0005
ACTGAACG	1	0	1	0.00016469038208168644	0.0005
ACTGATTA	2	0	1	0.00032938076416337287	0.0005
ACTGCATC	4	0	1	0.0006587615283267457	0.0005
ACTGCATG	4	0	1	0.0006587615283267457	0.0005
ACTGGAAT	5	0	1	0.0008234519104084321	0.0005
ACTGGCGA	3	0	2	0.0004940711462450593	0.001
ACTGGCTA	3	0	1	0.0004940711462450593	0.0005
ACTGGGCT	2	0	1	0.00032938076416337287	0.0005
ACTGGTGC	5	0	1	0.0008234519104084321	0.0005
ACTGTACC	7	0	1	0.001152832674571805	0.0005
ACTGTCTA	7	0	1	0.001152832674571805	0.0005
ACTGTGGA	2	0	1	0.00032938076416337287	0.0005
ACTGTTAT	3	0	1	0.0004940711462450593	0.0005
ACTTAAGA	4	0	1	0.0006587615283267457	0.0005
ACTTAATC	2	0	1	0.00032938076416337287	0.0005
ACTTACCC	5	0	1	0.0008234519104084321	0.0005
ACTTATGT	7	0	1	0.001152832674571805	0.0005
ACTTCCCC	1	0	1	0.00016469038208168644	0.0005
ACTTGATT	3	0	1	0.0004940711462450593	0.0005
ACTTGTCG	8	0	1	0.0013175230566534915	0.0005
ACTTTGAA	2	0	1	0.00032938076416337287	0.0005
AGAAAAAA	2	0	1	0.00032938076416337287	0.0005
AGAAACTC	2	0	1	0.00032938076416337287	0.0005
AGAAATCC	8	0	1	0.0013175230566534915	0.0005
AGAACATC	5	0	1	0.0008234519104084321	0.0005
AGAACGAC	2	0	1	0.00032938076416337287	0.0005
AGAAGACT	4	0	1	0.0006587615283267457	0.0005
AGAAGCCG	2	0	1	0.00032938076416337287	0.0005
AGAATAGC	3	0	1	0.0004940711462450593	0.0005
AGAATGCT	1	0	1	0.00016469038208168644	0.0005
AGAATTTG	2	0	1	0.00032938076416337287	0.0005
AGACACGA	1	0	1	0.00016469038208168644	0.0005
AGACCTGG	6	0	1	0.0009881422924901185	0.0005
AGACGCGT	3	0	1	0.0004940711462450593	0.0005
AGACTTAC	3	0	1	0.0004940711462450593	0.0005
AGAGAAGA	3	0	1	0.0004940711462450593	0.0005
AGAGACCA	1	0	1	0.00016469038208168644	0.0005
AGAGACTG	4	0	1	0.0006587615283267457	0.0005
AGAGCGCA	2	0	1	0.00032938076416337287	0.0005
AGAGTCAT	2	0	1	0.00032938076416337287	0.0005
AGAGTGCA	7	0	1	0.001152832674571805	0.0005
AGATACCG	9	0	1	0.0014822134387351778	0.0005
AGATACGC	4	0	1	0.0006587615283267457	0.0005
AGATAGAC	4	0	1	0.0006587615283267457	0.0005
AGATCCTC	3	0	1	0.0004940711462450593	0.0005
AGATCGTT	4	0	1	0.0006587615283267457	0.0005
AGATGCCT	2	0	1	0.00032938076416337287	0.0005
AGCAAAAT	2	0	1	0.00032938076416337287	0.0005
AGCAAGAA	2	0	1	0.00032938076416337287	0.0005
AGCACCTG	5	0	1	0.0008234519104084321	0.0005
AGCAGACT	1	0	1	0.00016469038208168644	0.0005
AGCCAGAG	2	0	1	0.00032938076416337287	0.0005
AGCCAGGT	2	0	1	0.00032938076416337287	0.0005
AGCCAGTG	2	0	1	0.00032938076416337287	0.0005
AGCCCACT	1	0	1	0.00016469038208168644	0.0005
AGCCCCGC	4	0	1	0.0006587615283267457	0.0005
AGCCCCTG	4	0	1	0.0006587615283267457	0.0005
AGCCCGGA	3	0	1	0.0004940711462450593	0.0005
AGCCGAGC	3	0	1	0.0004940711462450593	0.0005
AGCCGCGG	4	0	1	0.0006587615283267457	0.0005
AGCCTATT	1	0	1	0.00016469038208168644	0.0005
AGCCTCAC	3	0	1	0.0004940711462450593	0.0005
AGCCTTGC	3	0	1	0.0004940711462450593	0.0005
AGCGAAGA	5	0	1	0.0008234519104084321	0.0005
AGCGACCC	2	0	1	0.00032938076416337287	0.0005
AGCGAGTA	3	0	1	0.0004940711462450593	0.0005
AGCGATAG	4	0	1	0.0006587615283267457	0.0005
AGCGCCTA	5	0	1	0.0008234519104084321	0.0005
AGCGCGGA	3	0	1	0.0004940711462450593	0.0005
AGCGCTAT	1	0	1	0.00016469038208168644	0.0005
AGCGGATG	2	0	1	0.00032938076416337287	0.0005
AGCGGCTA	6	0	1	0.0009881422924901185	0.0005
AGCGTCAA	3	0	1	0.0004940711462450593	0.0005
AGCGTCCA	4	0	1	0.0006587615283267457	0.0005
AGCGTTCG	1	0	1	0.00016469038208168644	0.0005
AGCTACGC	1	0	1	0.00016469038208168644	0.0005
AGCTAGAC	1	0	1	0.00016469038208168644	0.0005
AGCTCAAA	3	0	1	0.0004940711462450593	0.0005
AGCTCCGA	2	0	1	0.00032938076416337287	0.0005
AGCTCCTA	3	0	1	0.0004940711462450593	0.0005
AGCTCGTG	5	0	1	0.0008234519104084321	0.0005
AGCTCGTT	4	0	1	0.0006587615283267457	0.0005
AGCTGGCG	2	0	1	0.00032938076416337287	0.0005
AGCTGTCG	4	0	1	0.0006587615283267457	0.0005
AGGAAACA	2	0	1	0.00032938076416337287	0.0005
AGGACTCA	4	0	1	0.0006587615283267457	0.0005
AGGAGAGC	7	0	1	0.001152832674571805	0.0005
AGGAGATT	3	0	1	0.0004940711462450593	0.0005
AGGAGGGG	6	0	1	0.0009881422924901185	0.0005
AGGAGTTA	2	0	1	0.00032938076416337287	0.0005
AGGATCTT	3	0	1	0.0004940711462450593	0.0005
AGGCAGAT	1	0	1	0.00016469038208168644	0.0005
AGGCCAGC	4	0	1	0.0006587615283267457	0.0005
AGGCGATA	9	0	1	0.0014822134387351778	0.0005
AGGCGCAT	3	0	1	0.0004940711462450593	0.0005
AGGCGGTG	2	0	1	0.00032938076416337287	0.0005
AGGCTAGG	3	0	1	0.0004940711462450593	0.0005
AGGCTCCC	1	0	1	0.00016469038208168644	0.0005
AGGCTGAC	4	0	1	0.0006587615283267457	0.0005
AGGGAACT	4	0	1	0.0006587615283267457	0.0005
AGGGAATC	7	0	1	0.001152832674571805	0.0005
AGGGATCA	3	0	1	0.0004940711462450593	0.0005
AGGGCCTT	3	0	1	0.0004940711462450593	0.0005
AGGGGCAA	2	0	1	0.00032938076416337287	0.0005
AGGGGCGA	3	0	1	0.0004940711462450593	0.0005
AGGTAGTT	1	0	1	0.00016469038208168644	0.0005
AGGTATTT	2	0	1	0.00032938076416337287	0.0005
AGGTGTCC	2	0	1	0.00032938076416337287	0.0005
AGGTTGGA	4	0	1	0.0006587615283267457	0.0005
AGTAAACC	1	0	1	0.00016469038208168644	0.0005
AGTAAATG	1	0	1	0.00016469038208168644	0.0005
AGTACGCC	5	0	1	0.0008234519104084321	0.0005
AGTACGCT	3	0	1	0.0004940711462450593	0.0005
AGTACGGA	2	0	1	0.00032938076416337287	0.0005
AGTACTGT	1	0	1	0.00016469038208168644	0.0005
AGTAGGTA	1	0	1	0.00016469038208168644	0.0005
AGTAGTGC	2	0	1	0.00032938076416337287	0.0005
AGTATAAT	4	0	1	0.0006587615283267457	0.0005
AGTATGGT	3	0	1	0.0004940711462450593	0.0005
AGTATTAA	3	0	1	0.0004940711462450593	0.0005
AGTATTCC	2	0	1	0.00032938076416337287	0.0005
AGTATTCG	1	0	1	0.00016469038208168644	0.0005
AGTCATGT	5	0	1	0.0008234519104084321	0.0005
AGTCGGTA	5	0	1	0.0008234519104084321	0.0005
AGTCGTGA	10	0	1	0.0016469038208168643	0.0005
AGTCGTTT	2	0	1	0.00032938076416337287	0.0005
AGTCTCGT	10	0	1	0.0016469038208168643	0.0005
AGTGAAAT	2	0	1	0.00032938076416337287	0.0005
AGTGAGAG	2	0	1	0.00032938076416337287	0.0005
AGTGAGGA	2	0	1	0.00032938076416337287	0.0005
AGTGCACC	2	0	1	0.00032938076416337287	0.0005
AGTGGGAA	1	0	1	0.00016469038208168644	0.0005
AGTGGTGT	2	0	1	0.00032938076416337287	0.0005
AGTTCGAA	3	0	1	0.0004940711462450593	0.0005
AGTTTCAA	2	0	1	0.00032938076416337287	0.0005
AGTTTCAG	7	0	1	0.001152832674571805	0.0005
AGTTTTAT	3	0	1	0.0004940711462450593	0.0005
AGTTTTCT	2	0	1	0.00032938076416337287	0.0005
ATAAAAGA	1	0	1	0.00016469038208168644	0.0005
ATAAAAGG	1	0	1	0.00016469038208168644	0.0005
ATAAACTA	1	0	1	0.00016469038208168644	0.0005
ATAACGGA	6	0	1	0.0009881422924901185	0.0005
ATAAGAAC	6	0	1	0.0009881422924901185	0.0005
ATAAGATG	2	0	1	0.00032938076416337287	0.0005
ATAAGGAT	9	0	1	0.0014822134387351778	0.0005
ATAATCAT	2	0	1	0.00032938076416337287	0.0005
ATAATCGA	2	0	1	0.00032938076416337287	0.0005
ATACACAA	1	0	1	0.00016469038208168644	0.0005
ATACACAC	3	0	1	0.0004940711462450593	0.0005
ATACCAGA	1	0	1	0.00016469038208168644	0.0005
ATACCCTG	1	0	1	0.00016469038208168644	0.0005
ATACCTGT	1	0	1	0.00016469038208168644	0.0005
ATACGACC	1	0	1	0.00016469038208168644	0.0005
ATACGTTA	2	0	1	0.00032938076416337287	0.0005
ATACTTCT	4	0	1	0.0006587615283267457	0.0005
ATAGAACG	6	0	1	0.0009881422924901185	0.0005
ATAGACCA	4	0	1	0.0006587615283267457	0.0005
ATAGATAT	4	0	1	0.0006587615283267457	0.0005
ATAGATCG	4	0	2	0.0006587615283267457	0.001
ATAGGCGG	2	0	1	0.00032938076416337287	0.0005
ATAGGTCA	1	0	1	0.00016469038208168644	0.0005
ATAGTAAT	4	0	1	0.0006587615283267457	0.0005
ATAGTTTA	2	0	1	0.00032938076416337287	0.0005
ATATACAC	5	0	1	0.0008234519104084321	0.0005
ATATCCAC	3	0	1	0.0004940711462450593	0.0005
ATATCCTA	3	0	1	0.0004940711462450593	0.0005
ATATCTGA	2	0	1	0.00032938076416337287	0.0005
ATATTTCC	5	0	1	0.0008234519104084321	0.0005
ATATTTGC	4	0	1	0.0006587615283267457	0.0005
ATCAACAG	4	0	1	0.0006587615283267457	0.0005
ATCAACGT	7	0	1	0.001152832674571805	0.0005
ATCACACT	3	0	1	0.0004940711462450593	0.0005
ATCAGAAT	1	0	1	0.00016469038208168644	0.0005
ATCAGACT	2	0	1	0.00032938076416337287	0.0005
ATCAGGCG	2	0	1	0.00032938076416337287	0.0005
ATCAGGTA	2	0	1	0.00032938076416337287	0.0005
ATCAGTAG	1	0	1	0.00016469038208168644	0.0005
ATCCAGCA	3	0	1	0.0004940711462450593	0.0005
ATCCCCTC	4	0	1	0.0006587615283267457	0.0005
ATCCCCTG	1	0	1	0.00016469038208168644	0.0005
ATCCCGGC	2	0	1	0.00032938076416337287	0.0005
ATCCTGCA	1	0	1	0.00016469038208168644	0.0005
ATCCTTAG	1	0	1	0.00016469038208168644	0.0005
ATCGAGAG	8	0	1	0.0013175230566534915	0.0005
ATCGATCG	1	0	1	0.00016469038208168644	0.0005
ATCGCGGT	2	0	1	0.00032938076416337287	0.0005
ATCGGGTC	3	0	1	0.0004940711462450593	0.0005
ATCGTCTG	5	0	1	0.0008234519104084321	0.0005
ATCTCGTG	1	0	1	0.00016469038208168644	0.0005
ATCTGATG	2	0	1	0.00032938076416337287	0.0005
ATCTGGCA	2	0	1	0.00032938076416337287	0.0005
ATCTTAGA	3	0	1	0.0004940711462450593	0.0005
ATCTTAGG	2	0	1	0.00032938076416337287	0.0005
ATGAAGGC	2	0	1	0.00032938076416337287	0.0005
ATGACTGG	1	0	1	0.00016469038208168644	0.0005
ATGAGGAC	3	0	1	0.0004940711462450593	0.0005
ATGATCCG	4	0	1	0.0006587615283267457	0.0005
ATGCAGTA	2	0	1	0.00032938076416337287	0.0005
ATGCCCAA	2	0	1	0.00032938076416337287	0.0005
ATGCCGAG	3	0	1	0.0004940711462450593	0.0005
ATGCCGCC	3	0	1	0.0004940711462450593	0.0005
ATGCCTGG	6	0	1	0.0009881422924901185	0.0005
ATGCGCCC	1	0	1	0.00016469038208168644	0.0005
ATGCGGGA	2	0	1	0.00032938076416337287	0.0005
ATGCGGGG	2	0	1	0.00032938076416337287	0.0005
ATGCTACG	2	0	1	0.00032938076416337287	0.0005
ATGCTCAT	1	0	1	0.00016469038208168644	0.0005
ATGCTGAC	2	0	1	0.00032938076416337287	0.0005
ATGCTGCT	6	0	1	0.0009881422924901185	0.0005
ATGCTTAT	2	0	1	0.00032938076416337287	0.0005
ATGGAACA	2	0	1	0.00032938076416337287	0.0005
ATGGACAA	4	0	1	0.0006587615283267457	0.0005
ATGGCCGC	2	0	1	0.00032938076416337287	0.0005
ATGGCTAA	1	0	1	0.00016469038208168644	0.0005
ATGGCTTA	4	0	1	0.0006587615283267457	0.0005
ATGGGGAT	2	0	1	0.00032938076416337287	0.0005
ATGGGGCG	1	0	1	0.00016469038208168644	0.0005
ATGGTCGT	2	0	1	0.00032938076416337287	0.0005
ATGGTTAC	2	0	1	0.00032938076416337287	0.0005
ATGGTTTC	2	0	1	0.00032938076416337287	0.0005
ATGTACAT	1	0	1	0.00016469038208168644	0.0005
ATGTACCC	6	0	1	0.0009881422924901185	0.0005
ATGTCAAA	3	0	1	0.0004940711462450593	0.0005
ATGTGTTA	4	0	1	0.0006587615283267457	0.0005
ATTAATTA	3	0	1	0.0004940711462450593	0.0005
ATTACATA	3	0	1	0.0004940711462450593	0.0005
ATTAGGTT	1	0	1	0.00016469038208168644	0.0005
ATTATATG	2	0	1	0.00032938076416337287	0.0005
ATTATGGC	3	0	1	0.0004940711462450593	0.0005
ATTATTCA	8	0	1	0.0013175230566534915	0.0005
ATTCCTCC	3	0	1	0.0004940711462450593	0.0005
ATTCCTTC	2	0	1	0.00032938076416337287	0.0005
ATTCTCTC	5	0	1	0.0008234519104084321	0.0005
ATTCTTGT	3	0	1	0.0004940711462450593	0.0005
ATTGAAGA	3	0	1	0.0004940711462450593	0.0005
ATTGAGAC	2	0	1	0.00032938076416337287	0.0005
ATTGAGGA	5	0	1	0.0008234519104084321	0.0005
ATTGATAA	5	0	1	0.0008234519104084321	0.0005
ATTGCCTA	3	0	1	0.0004940711462450593	0.0005
ATTGGATT	4	0	1	0.0006587615283267457	0.0005
ATTGGCAA	3	0	1	0.0004940711462450593	0.0005
ATTTAACC	2	0	1	0.00032938076416337287	0.0005
ATTTACGG	2	0	1	0.00032938076416337287	0.0005
ATTTCAGC	5	0	1	0.0008234519104084321	0.0005
ATTTCATT	1	0	1	0.00016469038208168644	0.0005
ATTTCGGA	2	0	1	0.00032938076416337287	0.0005
ATTTCTCC	2	0	1	0.00032938076416337287	0.0005
ATTTCTTT	3	0	1	0.0004940711462450593	0.0005
ATTTGGAG	3	0	1	0.0004940711462450593	0.0005
ATTTTAGG	2	0	1	0.00032938076416337287	0.0005
CAAAAAAA	1	0	1	0.00016469038208168644	0.0005
CAAAAAGG	5	0	1	0.0008234519104084321	0.0005
CAAAATTA	2	0	1	0.00032938076416337287	0.0005
CAAACGAG	1	0	1	0.00016469038208168644	0.0005
CAAACGCC	2	0	1	0.00032938076416337287	0.0005
CAAAGAGC	2	0	1	0.00032938076416337287	0.0005
CAAATAAT	1	0	1	0.00016469038208168644	0.0005
CAAATGAT	1	0	1	0.00016469038208168644	0.0005
CAACAACA	2	0	1	0.00032938076416337287	0.0005
CAACAAGG	1	0	1	0.00016469038208168644	0.0005
CAACATGG	5	0	1	0.0008234519104084321	0.0005
CAACATGT	4	0	1	0.0006587615283267457	0.0005
CAACCGCA	5	0	1	0.0008234519104084321	0.0005
CAACGCCT	6	0	1	0.0009881422924901185	0.0005
CAACGCGA	8	0	1	0.0013175230566534915	0.0005
CAACGCGC	4	0	1	0.0006587615283267457	0.0005
CAACTCAG	2	0	1	0.00032938076416337287	0.0005
CAAGAGTC	2	0	1	0.00032938076416337287	0.0005
CAAGCACT	2	0	1	0.00032938076416337287	0.0005
CAAGCAGT	1	0	1	0.00016469038208168644	0.0005
CAAGTCCA	5	0	1	0.0008234519104084321	0.0005
CAATAATT	3	0	1	0.0004940711462450593	0.0005
CAATACTC	1	0	1	0.00016469038208168644	0.0005
CAATAGGC	3	0	1	0.0004940711462450593	0.0005
CAATCAGC	2	0	1	0.00032938076416337287	0.0005
CAATCGCA	2	0	1	0.00032938076416337287	0.0005
CAATGATC	3	0	1	0.0004940711462450593	0.0005
CAATTACG	3	0	1	0.0004940711462450593	0.0005
CAATTAGA	2	0	1	0.00032938076416337287	0.0005
CAATTATC	7	0	1	0.001152832674571805	0.0005
CACAACTG	4	0	1	0.0006587615283267457	0.0005
CACAACTT	4	0	1	0.0006587615283267457	0.0005
CACAAGCC	3	0	1	0.0004940711462450593	0.0005
CACACCCA	3	0	1	0.0004940711462450593	0.0005
CACACGCC	8	0	1	0.0013175230566534915	0.0005
CACATGAC	3	0	1	0.0004940711462450593	0.0005
CACATGAG	2	0	1	0.00032938076416337287	0.0005
CACATGCG	6	0	1	0.0009881422924901185	0.0005
CACCACTT	8	0	1	0.0013175230566534915	0.0005
CACCCCCA	2	0	1	0.00032938076416337287	0.0005
CACCGGAG	5	0	1	0.0008234519104084321	0.0005
CACCGGCC	1	0	1	0.00016469038208168644	0.0005
CACCGTCA	2	0	1	0.00032938076416337287	0.0005
CACCTCTT	2	0	1	0.00032938076416337287	0.0005
CACGAAGC	3	0	1	0.0004940711462450593	0.0005
CACGAGGC	2	0	1	0.00032938076416337287	0.0005
CACGCCCC	2	0	1	0.00032938076416337287	0.0005
CACGGACA	1	0	1	0.00016469038208168644	0.0005
CACGGCTT	5	0	1	0.0008234519104084321	0.0005
CACGGGCA	1	0	1	0.00016469038208168644	0.0005
CACGGTAG	3	0	1	0.0004940711462450593	0.0005
CACGGTCA	4	0	1	0.0006587615283267457	0.0005
CACGTACG	1	0	1	0.00016469038208168644	0.0005
CACGTTAT	1	0	1	0.00016469038208168644	0.0005
CACTACAA	1	0	1	0.00016469038208168644	0.0005
CACTCTTG	2	0	1	0.00032938076416337287	0.0005
CACTGCGG	4	0	1	0.0006587615283267457	0.0005
CAGAAGGG	2	0	1	0.00032938076416337287	0.0005
CAGACAAA	3	0	1	0.0004940711462450593	0.0005
CAGACTTG	1	0	1	0.00016469038208168644	0.0005
CAGAGAGT	8	0	1	0.0013175230566534915	0.0005
CAGAGATC	4	0	1	0.0006587615283267457	0.0005
CAGAGATT	2	0	1	0.00032938076416337287	0.0005
CAGAGCGA	1	0	1	0.00016469038208168644	0.0005
CAGAGTTC	1	0	1	0.00016469038208168644	0.0005
CAGATAGC	2	0	1	0.00032938076416337287	0.0005
CAGATTTA	3	0	1	0.0004940711462450593	0.0005
CAGCACCT	6	0	1	0.0009881422924901185	0.0005
CAGCACGG	6	0	1	0.0009881422924901185	0.0005
CAGCAGAG	2	0	1	0.00032938076416337287	0.0005
CAGCATAG	3	0	1	0.0004940711462450593	0.0005
CAGCCAGA	2	0	1	0.00032938076416337287	0.0005
CAGCCTAA	1	0	1	0.00016469038208168644	0.0005
CAGCGCAG	3	0	1	0.0004940711462450593	0.0005
CAGCGCTC	1	0	1	0.00016469038208168644	0.0005
CAGCGTGT	7	0	1	0.001152832674571805	0.0005
CAGCTACC	2	0	1	0.00032938076416337287	0.0005
CAGGCACC	4	0	1	0.0006587615283267457	0.0005
CAGGCCCG	2	0	1	0.00032938076416337287	0.0005
CAGGCGAA	2	0	1	0.00032938076416337287	0.0005
CAGGCGAT	1	0	1	0.00016469038208168644	0.0005
CAGGTACT	13	0	1	0.0021409749670619235	0.0005
CAGTGATC	5	0	1	0.0008234519104084321	0.0005
CAGTGCAG	4	0	1	0.0006587615283267457	0.0005
CAGTGCCA	7	0	1	0.001152832674571805	0.0005
CAGTGGAC	7	0	1	0.001152832674571805	0.0005
CAGTTGCA	1	0	1	0.00016469038208168644	0.0005
CAGTTGGG	1	0	1	0.00016469038208168644	0.0005
CATAAAAA	1	0	1	0.00016469038208168644	0.0005
CATAAAAT	3	0	1	0.0004940711462450593	0.0005
CATAAACG	3	0	1	0.0004940711462450593	0.0005
CATACGTG	3	0	1	0.0004940711462450593	0.0005
CATAGGTT	3	0	1	0.0004940711462450593	0.0005
CATAGTAG	6	0	1	0.0009881422924901185	0.0005
CATAGTTA	3	0	1	0.0004940711462450593	0.0005
CATCAACC	3	0	1	0.0004940711462450593	0.0005
CATCAATG	2	0	1	0.00032938076416337287	0.0005
CATCAGCA	2	0	1	0.00032938076416337287	0.0005
CATCAGTT	3	0	1	0.0004940711462450593	0.0005
CATCGGAA	6	0	1	0.0009881422924901185	0.0005
CATGAGCC	4	0	1	0.0006587615283267457	0.0005
CATGAGGG	2	0	1	0.00032938076416337287	0.0005
CATGAGTA	2	0	1	0.00032938076416337287	0.0005
CATGAGTC	2	0	1	0.00032938076416337287	0.0005
CATGGAAT	6	0	2	0.0009881422924901185	0.001
CATGGACA	4	0	1	0.0006587615283267457	0.0005
CATGGAGG	2	0	1	0.00032938076416337287	0.0005
CATGGCGC	2	0	1	0.00032938076416337287	0.0005
CATGTAGA	4	0	1	0.0006587615283267457	0.0005
CATGTCGC	1	0	1	0.00016469038208168644	0.0005
CATGTCTT	1	0	1	0.00016469038208168644	0.0005
CATGTGGT	1	0	1	0.00016469038208168644	0.0005
CATTAAAT	2	0	1	0.00032938076416337287	0.0005
CATTACAT	2	0	1	0.00032938076416337287	0.0005
CATTATCC	2	0	1	0.00032938076416337287	0.0005
CATTCGCC	6	0	1	0.0009881422924901185	0.0005
CATTCTGC	2	0	1	0.00032938076416337287	0.0005
CATTTGGG	3	0	1	0.0004940711462450593	0.0005
CATTTTAA	1	0	1	0.00016469038208168644	0.0005
CCAAAACG	4	0	1	0.0006587615283267457	0.0005
CCAAAATG	4	0	1	0.0006587615283267457	0.0005
CCAACAAA	3	0	1	0.0004940711462450593	0.0005
CCAACCAC	2	0	1	0.00032938076416337287	0.0005
CCAACCTG	2	0	1	0.00032938076416337287	0.0005
CCAACCTT	3	0	1	0.0004940711462450593	0.0005
CCAACTCA	4	0	1	0.0006587615283267457	0.0005
CCAAGACG	3	0	1	0.0004940711462450593	0.0005
CCAAGAGC	1	0	1	0.00016469038208168644	0.0005
CCAAGCGA	12	0	2	0.001976284584980237	0.001
CCAAGGGT	3	0	1	0.0004940711462450593	0.0005
CCAATAGA	5	0	1	0.0008234519104084321	0.0005
CCAATCGA	1	0	1	0.00016469038208168644	0.0005
CCAATGTA	6	0	2	0.0009881422924901185	0.001
CCACAACC	7	0	1	0.001152832674571805	0.0005
CCACAAGT	1	0	1	0.00016469038208168644	0.0005
CCACATGT	1	0	1	0.00016469038208168644	0.0005
CCACCCTG	3	0	1	0.0004940711462450593	0.0005
CCACTACA	6	0	1	0.0009881422924901185	0.0005
CCACTGGG	4	0	1	0.0006587615283267457	0.0005
CCACTTTC	3	0	1	0.0004940711462450593	0.0005
CCAGAGCT	2	0	1	0.00032938076416337287	0.0005
CCAGCCCG	5	0	1	0.0008234519104084321	0.0005
CCAGCCGA	2	0	1	0.00032938076416337287	0.0005
CCAGGGAC	5	0	1	0.0008234519104084321	0.0005
CCAGTGTG	3	0	1	0.0004940711462450593	0.0005
CCATAATC	3	0	1	0.0004940711462450593	0.0005
CCATACTA	2	0	1	0.00032938076416337287	0.0005
CCATAGGA	2	0	1	0.00032938076416337287	0.0005
CCATCACC	4	0	1	0.0006587615283267457	0.0005
CCATCCTC	2	0	1	0.00032938076416337287	0.0005
CCATGGAA	1	0	1	0.00016469038208168644	0.0005
CCATGTAA	3	0	1	0.0004940711462450593	0.0005
CCATGTCG	2	0	1	0.00032938076416337287	0.0005
CCATTACC	3	0	1	0.0004940711462450593	0.0005
CCATTGAC	1	0	1	0.00016469038208168644	0.0005
CCCAGATG	3	0	1	0.0004940711462450593	0.0005
CCCATAAA	4	0	1	0.0006587615283267457	0.0005
CCCATACA	3	0	1	0.0004940711462450593	0.0005
CCCATATA	3	0	1	0.0004940711462450593	0.0005
CCCATTCG	3	0	1	0.0004940711462450593	0.0005
CCCCCAAT	3	0	1	0.0004940711462450593	0.0005
CCCCCATC	1	0	1	0.00016469038208168644	0.0005
CCCCCGGT	6	0	2	0.0009881422924901185	0.001
CCCCGTTA	2	0	1	0.00032938076416337287	0.0005
CCCCTATA	2	0	1	0.00032938076416337287	0.0005
CCCCTATT	3	0	1	0.0004940711462450593	0.0005
CCCCTGAG	5	0	1	0.0008234519104084321	0.0005
CCCCTTAT	3	0	1	0.0004940711462450593	0.0005
CCCGAGAC	1	0	1	0.00016469038208168644	0.0005
CCCGAGTA	9	0	1	0.0014822134387351778	0.0005
CCCGATAC	1	0	1	0.00016469038208168644	0.0005
CCCGATCA	1	0	1	0.00016469038208168644	0.0005
CCCGCAGA	5	0	1	0.0008234519104084321	0.0005
CCCGCCGC	4	0	1	0.0006587615283267457	0.0005
CCCGGCTC	3	0	1	0.0004940711462450593	0.0005
CCCGGGAG	4	0	1	0.0006587615283267457	0.0005
CCCGTGAG	3	0	1	0.0004940711462450593	0.0005
CCCTACAC	2	0	1	0.00032938076416337287	0.0005
CCCTACCT	2	0	1	0.00032938076416337287	0.0005
CCCTACTC	4	0	1	0.0006587615283267457	0.0005
CCCTAGCA	1	0	1	0.00016469038208168644	0.0005
CCCTCACG	4	0	1	0.0006587615283267457	0.0005
CCCTGCAC	2	0	1	0.00032938076416337287	0.0005
CCGAACCC	4	0	1	0.0006587615283267457	0.0005
CCGACCCT	3	0	1	0.0004940711462450593	0.0005
CCGACTGC	2	0	1	0.00032938076416337287	0.0005
CCGAGACA	4	0	1	0.0006587615283267457	0.0005
CCGAGACC	1	0	1	0.00016469038208168644	0.0005
CCGAGGTA	4	0	1	0.0006587615283267457	0.0005
CCGAGTAA	1	0	1	0.00016469038208168644	0.0005
CCGAGTAT	2	0	1	0.00032938076416337287	0.0005
CCGAGTCA	1	0	1	0.00016469038208168644	0.0005
CCGAGTGC	1	0	1	0.00016469038208168644	0.0005
CCGATATG	4	0	1	0.0006587615283267457	0.0005
CCGCAACT	1	0	1	0.00016469038208168644	0.0005
CCGCAGGA	2	0	1	0.00032938076416337287	0.0005
CCGCATTA	3	0	1	0.0004940711462450593	0.0005
CCGCCGTT	2	0	1	0.00032938076416337287	0.0005
CCGCGCCG	3	0	1	0.0004940711462450593	0.0005
CCGCGGGT	5	0	1	0.0008234519104084321	0.0005
CCGCGTGA	5	0	1	0.0008234519104084321	0.0005
CCGGCTGC	10	0	1	0.0016469038208168643	0.0005
CCGGTAGA	7	0	1	0.001152832674571805	0.0005
CCGGTGTT	7	0	1	0.001152832674571805	0.0005
CCGGTTAC	2	0	1	0.00032938076416337287	0.0005
CCGTCTGA	1	0	1	0.00016469038208168644	0.0005
CCGTGGCT	4	0	1	0.0006587615283267457	0.0005
CCGTGGGC	2	0	1	0.00032938076416337287	0.0005
CCGTTGCA	4	0	1	0.0006587615283267457	0.0005
CCGTTGGT	3	0	1	0.0004940711462450593	0.0005
CCTAATCT	3	0	1	0.0004940711462450593	0.0005
CCTACGGA	4	0	1	0.0006587615283267457	0.0005
CCTACTTA	4	0	1	0.0006587615283267457	0.0005
CCTATCGC	3	0	1	0.0004940711462450593	0.0005
CCTATCGT	3	0	1	0.0004940711462450593	0.0005
CCTATGAA	1	0	1	0.00016469038208168644	0.0005
CCTCAATC	1	0	1	0.00016469038208168644	0.0005
CCTCACGG	24	0	1	0.003952569169960474	0.0005
CCTCCCTG	1	0	1	0.00016469038208168644	0.0005
CCTCGAAA	3	0	1	0.0004940711462450593	0.0005
CCTCGCAT	3	0	1	0.0004940711462450593	0.0005
CCTCGCGC	4	0	1	0.0006587615283267457	0.0005
CCTCTACA	3	0	1	0.0004940711462450593	0.0005
CCTCTCCC	1	0	1	0.00016469038208168644	0.0005
CCTCTCGC	2	0	1	0.00032938076416337287	0.0005
CCTCTGAC	2	0	1	0.00032938076416337287	0.0005
CCTCTTTG	2	0	1	0.00032938076416337287	0.0005
CCTGATAT	4	0	1	0.0006587615283267457	0.0005
CCTGCTGG	3	0	1	0.0004940711462450593	0.0005
CCTGTCGC	1	0	1	0.00016469038208168644	0.0005
CCTTACGA	8	0	1	0.0013175230566534915	0.0005
CCTTCCAA	1	0	1	0.00016469038208168644	0.0005
CCTTCCAC	3	0	1	0.0004940711462450593	0.0005
CCTTCGGA	2	0	1	0.00032938076416337287	0.0005
CCTTGTAT	2	0	1	0.00032938076416337287	0.0005
CCTTTGCA	8	0	2	0.0013175230566534915	0.001
CCTTTTCA	10	0	1	0.0016469038208168643	0.0005
CCTTTTGA	3	0	1	0.0004940711462450593	0.0005
CGAAAAAA	3	0	1	0.0004940711462450593	0.0005
CGAAAATA	3	0	1	0.0004940711462450593	0.0005
CGAACCTG	2	0	1	0.00032938076416337287	0.0005
CGAAGATA	1	0	1	0.00016469038208168644	0.0005
CGAAGATC	4	0	1	0.0006587615283267457	0.0005
CGAAGGGT	1	0	1	0.00016469038208168644	0.0005
CGAAGGTA	2	0	1	0.00032938076416337287	0.0005
CGAATAGG	1	0	1	0.00016469038208168644	0.0005
CGAATCGC	4	0	1	0.0006587615283267457	0.0005
CGAATGAG	9	0	1	0.0014822134387351778	0.0005
CGAATTTA	3	0	1	0.0004940711462450593	0.0005
CGACAGAA	1	0	1	0.00016469038208168644	0.0005
CGACATAA	1	0	1	0.00016469038208168644	0.0005
CGACCCGG	3	0	1	0.0004940711462450593	0.0005
CGACGTCG	3	0	1	0.0004940711462450593	0.0005
CGACTACG	7	0	1	0.001152832674571805	0.0005
CGAGAATG	5	0	2	0.0008234519104084321	0.001
CGAGACAG	1	0	1	0.00016469038208168644	0.0005
CGAGATGA	5	0	1	0.0008234519104084321	0.0005
CGAGCAAT	2	0	1	0.00032938076416337287	0.0005
CGAGCACC	2	0	1	0.00032938076416337287	0.0005
CGAGTACG	3	0	1	0.0004940711462450593	0.0005
CGAGTGAC	1	0	1	0.00016469038208168644	0.0005
CGAGTTCC	1	0	1	0.00016469038208168644	0.0005
CGATACTC	3	0	1	0.0004940711462450593	0.0005
CGATGACA	2	0	1	0.00032938076416337287	0.0005
CGATGGAC	1	0	1	0.00016469038208168644	0.0005
CGATGTAT	5	0	1	0.0008234519104084321	0.0005
CGATGTGG	1	0	1	0.00016469038208168644	0.0005
CGATTTGA	2	0	1	0.00032938076416337287	0.0005
CGCACAAG	4	0	1	0.0006587615283267457	0.0005
CGCACGTT	2	0	1	0.00032938076416337287	0.0005
CGCACTGT	1	0	1	0.00016469038208168644	0.0005
CGCACTTT	2	0	1	0.00032938076416337287	0.0005
CGCAGCGA	6	0	1	0.0009881422924901185	0.0005
CGCAGGGA	9	0	1	0.0014822134387351778	0.0005
CGCATATC	4	0	1	0.0006587615283267457	0.0005
CGCATCAT	5	0	2	0.0008234519104084321	0.001
CGCATTTG	3	0	1	0.0004940711462450593	0.0005
CGCCATCG	7	0	1	0.001152832674571805	0.0005
CGCCATTC	7	0	1	0.001152832674571805	0.0005
CGCCATTT	2	0	1	0.00032938076416337287	0.0005
CGCCGGAC	2	0	1	0.00032938076416337287	0.0005
CGCGCACA	3	0	1	0.0004940711462450593	0.0005
CGCGCCTA	2	0	1	0.00032938076416337287	0.0005
CGCGGAGT	1	0	1	0.00016469038208168644	0.0005
CGCGTACG	1	0	1	0.00016469038208168644	0.0005
CGCGTGAT	2	0	1	0.00032938076416337287	0.0005
CGCGTTGA	1	0	1	0.00016469038208168644	0.0005
CGCTACTC	3	0	1	0.0004940711462450593	0.0005
CGCTATGT	2	0	1	0.00032938076416337287	0.0005
CGCTATTG	9	0	1	0.0014822134387351778	0.0005
CGCTCAAC	6	0	1	0.0009881422924901185	0.0005
CGCTCCCT	1	0	1	0.00016469038208168644	0.0005
CGCTGACG	4	0	1	0.0006587615283267457	0.0005
CGCTGCAT	1	0	1	0.00016469038208168644	0.0005
CGCTTAAC	5	0	1	0.0008234519104084321	0.0005
CGCTTCAG	2	0	1	0.00032938076416337287	0.0005
CGGAAATA	1	0	1	0.00016469038208168644	0.0005
CGGACCCA	8	0	1	0.0013175230566534915	0.0005
CGGAGCGG	3	0	1	0.0004940711462450593	0.0005
CGGAGGAC	2	0	1	0.00032938076416337287	0.0005
CGGATCGC	2	0	1	0.00032938076416337287	0.0005
CGGATGGG	9	0	1	0.0014822134387351778	0.0005
CGGCAAAG	3	0	1	0.0004940711462450593	0.0005
CGGCAACA	8	0	1	0.0013175230566534915	0.0005
CGGCACAA	6	0	1	0.0009881422924901185	0.0005
CGGCCCGT	5	0	1	0.0008234519104084321	0.0005
CGGCCGAG	2	0	1	0.00032938076416337287	0.0005
CGGCGGCC	4	0	1	0.0006587615283267457	0.0005
CGGCGGTC	3	0	1	0.0004940711462450593	0.0005
CGGCGTCC	1	0	1	0.00016469038208168644	0.0005
CGGCTGTC	5	0	1	0.0008234519104084321	0.0005
CGGCTTCG	2	0	1	0.00032938076416337287	0.0005
CGGGAAAC	3	0	1	0.0004940711462450593	0.0005
CGGGAGCG	2	0	1	0.00032938076416337287	0.0005
CGGGCTTG	2	0	1	0.00032938076416337287	0.0005
CGGGGCGT	11	0	1	0.0018115942028985507	0.0005
CGGGGTTG	2	0	1	0.00032938076416337287	0.0005
CGGGTATC	2	0	1	0.00032938076416337287	0.0005
CGGGTTGG	1	0	1	0.00016469038208168644	0.0005
CGGGTTTA	2	0	1	0.00032938076416337287	0.0005
CGGTAATT	2	0	1	0.00032938076416337287	0.0005
CGGTCGCC	2	0	1	0.00032938076416337287	0.0005
CGGTCTAT	11	0	1	0.0018115942028985507	0.0005
CGGTGAAG	2	0	1	0.00032938076416337287	0.0005
CGGTGGCC	2	0	1	0.00032938076416337287	0.0005
CGGTTCGC	2	0	1	0.00032938076416337287	0.0005
CGGTTGGA	1	0	1	0.00016469038208168644	0.0005
CGTAAAGC	2	0	1	0.00032938076416337287	0.0005
CGTAAGAG	5	0	1	0.0008234519104084321	0.0005
CGTAATGG	1	0	1	0.00016469038208168644	0.0005
CGTACCAA	11	0	1	0.0018115942028985507	0.0005
CGTACCTG	4	0	1	0.0006587615283267457	0.0005
CGTATGTT	5	0	1	0.0008234519104084321	0.0005
CGTATTTA	2	0	1	0.00032938076416337287	0.0005
CGTCAAAT	3	0	1	0.0004940711462450593	0.0005
CGTCACTA	3	0	1	0.0004940711462450593	0.0005
CGTCATGA	1	0	1	0.00016469038208168644	0.0005
CGTCCACC	6	0	1	0.0009881422924901185	0.0005
CGTCCAGT	3	0	1	0.0004940711462450593	0.0005
CGTCCCGC	3	0	1	0.0004940711462450593	0.0005
CGTCCGGA	2	0	1	0.00032938076416337287	0.0005
CGTCCTCC	2	0	1	0.00032938076416337287	0.0005
CGTCGATA	1	0	1	0.00016469038208168644	0.0005
CGTCGCTA	1	0	1	0.00016469038208168644	0.0005
CGTCGTTG	7	0	1	0.001152832674571805	0.0005
CGTCTCCC	2	0	1	0.00032938076416337287	0.0005
CGTCTTCT	1	0	1	0.00016469038208168644	0.0005
CGTGAACC	3	0	1	0.0004940711462450593	0.0005
CGTGACCA	4	0	1	0.0006587615283267457	0.0005
CGTGACCT	4	0	1	0.0006587615283267457	0.0005
CGTGAGAA	2	0	1	0.00032938076416337287	0.0005
CGTGAGCT	4	0	1	0.0006587615283267457	0.0005
CGTGATGC	4	0	1	0.0006587615283267457	0.0005
CGTGCTCA	3	0	1	0.0004940711462450593	0.0005
CGTGGACG	3	0	1	0.0004940711462450593	0.0005
CGTGGTCG	6	0	1	0.0009881422924901185	0.0005
CGTTAAGT	4	0	1	0.0006587615283267457	0.0005
CGTTAATC	3	0	1	0.0004940711462450593	0.0005
CGTTAATG	7	0	1	0.001152832674571805	0.0005
CGTTATAG	2	0	1	0.00032938076416337287	0.0005
CGTTCACA	1	0	1	0.00016469038208168644	0.0005
CGTTCTGG	1	0	1	0.00016469038208168644	0.0005
CGTTTAGC	3	0	1	0.0004940711462450593	0.0005
CGTTTGCG	2	0	1	0.00032938076416337287	0.0005
CGTTTGGG	4	0	1	0.0006587615283267457	0.0005
CTAAATCG	3	0	1	0.0004940711462450593	0.0005
CTAACCGA	4	0	1	0.0006587615283267457	0.0005
CTAAGCGT	1	0	1	0.00016469038208168644	0.0005
CTAAGTGT	4	0	1	0.0006587615283267457	0.0005
CTAATATA	3	0	1	0.0004940711462450593	0.0005
CTAATCGC	6	0	1	0.0009881422924901185	0.0005
CTAATGAT	2	0	1	0.00032938076416337287	0.0005
CTACAGGT	1	0	1	0.00016469038208168644	0.0005
CTACCGCT	5	0	1	0.0008234519104084321	0.0005
CTACGCTG	5	0	1	0.0008234519104084321	0.0005
CTACGGCC	1	0	1	0.00016469038208168644	0.0005
CTACTAAG	2	0	1	0.00032938076416337287	0.0005
CTACTTAA	3	0	1	0.0004940711462450593	0.0005
CTAGAAAG	7	0	1	0.001152832674571805	0.0005
CTAGAATA	4	0	1	0.0006587615283267457	0.0005
CTAGACTG	8	0	1	0.0013175230566534915	0.0005
CTAGAGAA	2	0	1	0.00032938076416337287	0.0005
CTAGATAA	2	0	1	0.00032938076416337287	0.0005
CTAGGACA	8	0	2	0.0013175230566534915	0.001
CTAGGACC	5	0	1	0.0008234519104084321	0.0005
CTAGGTAG	1	0	1	0.00016469038208168644	0.0005
CTAGGTCA	2	0	1	0.00032938076416337287	0.0005
CTAGGTTA	8	0	1	0.0013175230566534915	0.0005
CTAGTCGG	2	0	1	0.00032938076416337287	0.0005
CTAGTGTC	4	0	1	0.0006587615283267457	0.0005
CTATACGT	3	0	1	0.0004940711462450593	0.0005
CTATACTA	3	0	1	0.0004940711462450593	0.0005
CTATATGA	3	0	1	0.0004940711462450593	0.0005
CTATCGCT	2	0	1	0.00032938076416337287	0.0005
CTATGGCG	4	0	1	0.0006587615283267457	0.0005
CTATTCCC	2	0	1	0.00032938076416337287	0.0005
CTATTCCG	3	0	1	0.0004940711462450593	0.0005
CTCACACA	1	0	1	0.00016469038208168644	0.0005
CTCACATT	2	0	1	0.00032938076416337287	0.0005
CTCATTGT	1	0	1	0.00016469038208168644	0.0005
CTCCACTC	2	0	1	0.00032938076416337287	0.0005
CTCCCACG	3	0	1	0.0004940711462450593	0.0005
CTCCCTAG	5	0	1	0.0008234519104084321	0.0005
CTCCGATC	3	0	1	0.0004940711462450593	0.0005
CTCCTGCT	6	0	1	0.0009881422924901185	0.0005
CTCCTGGA	2	0	1	0.00032938076416337287	0.0005
CTCGAGTG	2	0	1	0.00032938076416337287	0.0005
CTCGATTT	1	0	1	0.00016469038208168644	0.0005
CTCGCTAC	3	0	1	0.0004940711462450593	0.0005
CTCGCTTC	6	0	1	0.0009881422924901185	0.0005
CTCGTCAT	1	0	1	0.00016469038208168644	0.0005
CTCTCGAT	3	0	1	0.0004940711462450593	0.0005
CTCTCTGC	3	0	1	0.0004940711462450593	0.0005
CTCTGGAC	5	0	1	0.0008234519104084321	0.0005
CTCTTGGA	3	0	1	0.0004940711462450593	0.0005
CTCTTGTT	2	0	1	0.00032938076416337287	0.0005
CTCTTTAG	2	0	1	0.00032938076416337287	0.0005
CTGAAACG	2	0	1	0.00032938076416337287	0.0005
CTGAAGTG	5	0	1	0.0008234519104084321	0.0005
CTGAATCG	2	0	1	0.00032938076416337287	0.0005
CTGACGAC	1	0	1	0.00016469038208168644	0.0005
CTGAGATC	3	0	1	0.0004940711462450593	0.0005
CTGAGCTT	1	0	1	0.00016469038208168644	0.0005
CTGATACG	1	0	1	0.00016469038208168644	0.0005
CTGATAGA	3	0	1	0.0004940711462450593	0.0005
CTGATCGT	3	0	1	0.0004940711462450593	0.0005
CTGCAGCC	2	0	1	0.00032938076416337287	0.0005
CTGCCGGA	4	0	1	0.0006587615283267457	0.0005
CTGCGCAT	5	0	1	0.0008234519104084321	0.0005
CTGCGGCT	2	0	1	0.00032938076416337287	0.0005
CTGCTCTT	6	0	1	0.0009881422924901185	0.0005
CTGCTTGG	1	0	1	0.00016469038208168644	0.0005
CTGGAGCG	2	0	1	0.00032938076416337287	0.0005
CTGGATAC	2	0	1	0.00032938076416337287	0.0005
CTGGATTT	1	0	1	0.00016469038208168644	0.0005
CTGGCACT	3	0	1	0.0004940711462450593	0.0005
CTGGCATG	8	0	1	0.0013175230566534915	0.0005
CTGGGGGC	3	0	1	0.0004940711462450593	0.0005
CTGGGTGC	3	0	1	0.0004940711462450593	0.0005
CTGGTATA	3	0	1	0.0004940711462450593	0.0005
CTGGTTCG	4	0	1	0.0006587615283267457	0.0005
CTGTAGAA	4	0	1	0.0006587615283267457	0.0005
CTGTCAAG	1	0	1	0.00016469038208168644	0.0005
CTGTCGCC	5	0	1	0.0008234519104084321	0.0005
CTGTCGCT	2	0	1	0.00032938076416337287	0.0005
CTGTGATT	3	0	1	0.0004940711462450593	0.0005
CTGTGGGC	2	0	1	0.00032938076416337287	0.0005
CTGTGGTC	4	0	1	0.0006587615283267457	0.0005
CTGTGTTC	1	0	1	0.00016469038208168644	0.0005
CTGTTAAT	1	0	1	0.00016469038208168644	0.0005
CTTAAATC	2	0	1	0.00032938076416337287	0.0005
CTTAACAC	3	0	1	0.0004940711462450593	0.0005
CTTAACGA	1	0	1	0.00016469038208168644	0.0005
CTTACGCT	3	0	1	0.0004940711462450593	0.0005
CTTACGTA	3	0	1	0.0004940711462450593	0.0005
CTTACTCC	2	0	1	0.00032938076416337287	0.0005
CTTAGTTA	1	0	1	0.00016469038208168644	0.0005
CTTATAGG	4	0	1	0.0006587615283267457	0.0005
CTTATCTG	2	0	1	0.00032938076416337287	0.0005
CTTCATCA	3	0	1	0.0004940711462450593	0.0005
CTTCCGGC	1	0	1	0.00016469038208168644	0.0005
CTTCGATT	2	0	1	0.00032938076416337287	0.0005
CTTCGCGG	2	0	1	0.00032938076416337287	0.0005
CTTCGCTA	5	0	1	0.0008234519104084321	0.0005
CTTGAACT	2	0	1	0.00032938076416337287	0.0005
CTTGAGTA	3	0	1	0.0004940711462450593	0.0005
CTTGATCG	3	0	1	0.0004940711462450593	0.0005
CTTGGATA	3	0	1	0.0004940711462450593	0.0005
CTTGTCGT	3	0	1	0.0004940711462450593	0.0005
CTTGTTGA	1	0	1	0.00016469038208168644	0.0005
CTTGTTGG	2	0	1	0.00032938076416337287	0.0005
CTTTAACT	1	0	1	0.00016469038208168644	0.0005
CTTTAGGA	2	0	1	0.00032938076416337287	0.0005
CTTTAGGC	3	0	1	0.0004940711462450593	0.0005
CTTTATCA	3	0	1	0.0004940711462450593	0.0005
CTTTCAAC	3	0	1	0.0004940711462450593	0.0005
CTTTCCGA	4	0	1	0.0006587615283267457	0.0005
CTTTGGTA	2	0	1	0.00032938076416337287	0.0005
CTTTGTAA	2	0	1	0.00032938076416337287	0.0005
GAAAAATA	4	0	1	0.0006587615283267457	0.0005
GAAAAATG	2	0	1	0.00032938076416337287	0.0005
GAAAACGC	1	0	1	0.00016469038208168644	0.0005
GAAACGAC	5	0	1	0.0008234519104084321	0.0005
GAAACTGG	5	0	1	0.0008234519104084321	0.0005
GAAAGTGC	2	0	1	0.00032938076416337287	0.0005
GAAATCAC	2	0	1	0.00032938076416337287	0.0005
GAAATTAA	2	0	1	0.00032938076416337287	0.0005
GAAATTCC	2	0	1	0.00032938076416337287	0.0005
GAAATTCT	3	0	1	0.0004940711462450593	0.0005
GAACCAAC	3	0	1	0.0004940711462450593	0.0005
GAACGCGT	2	0	1	0.00032938076416337287	0.0005
GAACGGGT	1	0	1	0.00016469038208168644	0.0005
GAACTACG	1	0	1	0.00016469038208168644	0.0005
GAACTACT	1	0	1	0.00016469038208168644	0.0005
GAACTGGG	3	0	1	0.0004940711462450593	0.0005
GAACTTGT	2	0	1	0.00032938076416337287	0.0005
GAAGACAT	5	0	1	0.0008234519104084321	0.0005
GAAGAGCC	3	0	1	0.0004940711462450593	0.0005
GAAGATTT	12	0	2	0.001976284584980237	0.001
GAAGCGTA	4	0	1	0.0006587615283267457	0.0005
GAAGCTCC	1	0	1	0.00016469038208168644	0.0005
GAAGCTTG	2	0	1	0.00032938076416337287	0.0005
GAAGGTAG	4	0	1	0.0006587615283267457	0.0005
GAAGTCAA	3	0	1	0.0004940711462450593	0.0005
GAATACGG	2	0	1	0.00032938076416337287	0.0005
GAATAGTA	3	0	1	0.0004940711462450593	0.0005
GAATCACT	3	0	1	0.0004940711462450593	0.0005
GAATCCCT	2	0	1	0.00032938076416337287	0.0005
GAATGCAC	2	0	1	0.00032938076416337287	0.0005
GAATGTAA	3	0	1	0.0004940711462450593	0.0005
GACAACTC	4	0	1	0.0006587615283267457	0.0005
GACACGTG	1	0	1	0.00016469038208168644	0.0005
GACACTAG	6	0	1	0.0009881422924901185	0.0005
GACATCTC	2	0	1	0.00032938076416337287	0.0005
GACATTCG	1	0	1	0.00016469038208168644	0.0005
GACCAAGC	3	0	1	0.0004940711462450593	0.0005
GACCCGGA	4	0	1	0.0006587615283267457	0.0005
GACCGGGG	3	0	1	0.0004940711462450593	0.0005
GACCGTAT	5	0	1	0.0008234519104084321	0.0005
GACCGTCC	2	0	1	0.00032938076416337287	0.0005
GACCTCGC	2	0	1	0.00032938076416337287	0.0005
GACCTCGG	10	0	1	0.0016469038208168643	0.0005
GACGAGAA	3	0	1	0.0004940711462450593	0.0005
GACGATAC	2	0	1	0.00032938076416337287	0.0005
GACGCGCC	4	0	1	0.0006587615283267457	0.0005
GACGCTTA	1	0	1	0.00016469038208168644	0.0005
GACGGCAC	1	0	1	0.00016469038208168644	0.0005
GACGGCTC	5	0	1	0.0008234519104084321	0.0005
GACGGGGG	1	0	1	0.00016469038208168644	0.0005
GACGTACC	1	0	1	0.00016469038208168644	0.0005
GACGTGCG	3	0	1	0.0004940711462450593	0.0005
GACTAAAT	6	0	1	0.0009881422924901185	0.0005
GACTAATG	1	0	1	0.00016469038208168644	0.0005
GACTAATT	3	0	1	0.0004940711462450593	0.0005
GACTCACA	5	0	1	0.0008234519104084321	0.0005
GACTCATG	1	0	1	0.00016469038208168644	0.0005
GACTCCAA	2	0	1	0.00032938076416337287	0.0005
GACTCCAC	3	0	1	0.0004940711462450593	0.0005
GACTCCGT	2	0	1	0.00032938076416337287	0.0005
GACTCTTG	3	0	1	0.0004940711462450593	0.0005
GACTGGTA	4	0	1	0.0006587615283267457	0.0005
GACTGTTG	3	0	1	0.0004940711462450593	0.0005
GAGACTAG	4	0	1	0.0006587615283267457	0.0005
GAGAGAGT	2	0	1	0.00032938076416337287	0.0005
GAGAGCTG	1	0	1	0.00016469038208168644	0.0005
GAGAGGGG	7	0	1	0.001152832674571805	0.0005
GAGATAGA	7	0	1	0.001152832674571805	0.0005
GAGCAAGA	4	0	1	0.0006587615283267457	0.0005
GAGCAGGC	2	0	1	0.00032938076416337287	0.0005
GAGCAGTC	1	0	1	0.00016469038208168644	0.0005
GAGCATCA	2	0	1	0.00032938076416337287	0.0005
GAGCATCG	11	0	1	0.0018115942028985507	0.0005
GAGCCAAG	1	0	1	0.00016469038208168644	0.0005
GAGCCATA	2	0	1	0.00032938076416337287	0.0005
GAGCCGTC	3	0	1	0.0004940711462450593	0.0005
GAGCGGTC	1	0	1	0.00016469038208168644	0.0005
GAGCTACG	1	0	1	0.00016469038208168644	0.0005
GAGCTAGT	2	0	1	0.00032938076416337287	0.0005
GAGCTGTT	3	0	1	0.0004940711462450593	0.0005
GAGGAATT	14	0	1	0.00230566534914361	0.0005
GAGGCACG	5	0	1	0.0008234519104084321	0.0005
GAGGGATC	2	0	1	0.00032938076416337287	0.0005
GAGTACAG	1	0	1	0.00016469038208168644	0.0005
GAGTAGTG	1	0	1	0.00016469038208168644	0.0005
GAGTATCT	1	0	1	0.00016469038208168644	0.0005
GAGTCCAA	2	0	1	0.00032938076416337287	0.0005
GAGTCGAG	3	0	1	0.0004940711462450593	0.0005
GAGTGAAC	1	0	1	0.00016469038208168644	0.0005
GAGTGACA	4	0	1	0.0006587615283267457	0.0005
GAGTGCAT	3	0	1	0.0004940711462450593	0.0005
GAGTGCCG	4	0	1	0.0006587615283267457	0.0005
GAGTGCTA	1	0	1	0.00016469038208168644	0.0005
GAGTTCCC	2	0	1	0.00032938076416337287	0.0005
GAGTTGGA	1	0	1	0.00016469038208168644	0.0005
GATAAGGC	8	0	1	0.0013175230566534915	0.0005
GATAGCGG	3	0	1	0.0004940711462450593	0.0005
GATAGGGC	5	0	1	0.0008234519104084321	0.0005
GATCAGGA	2	0	1	0.00032938076416337287	0.0005
GATCAGGG	2	0	1	0.00032938076416337287	0.0005
GATCCAGA	3	0	1	0.0004940711462450593	0.0005
GATCCAGC	4	0	1	0.0006587615283267457	0.0005
GATCCAGG	1	0	1	0.00016469038208168644	0.0005
GATCCCAA	6	0	1	0.0009881422924901185	0.0005
GATCCCCG	2	0	1	0.00032938076416337287	0.0005
GATCCGCC	2	0	1	0.00032938076416337287	0.0005
GATCGAGC	3	0	1	0.0004940711462450593	0.0005
GATCTAAA	3	0	1	0.0004940711462450593	0.0005
GATGACAT	2	0	1	0.00032938076416337287	0.0005
GATGAGCT	5	0	1	0.0008234519104084321	0.0005
GATGCCGC	3	0	1	0.0004940711462450593	0.0005
GATGCGCC	3	0	1	0.0004940711462450593	0.0005
GATGGACA	2	0	1	0.00032938076416337287	0.0005
GATGGATG	2	0	1	0.00032938076416337287	0.0005
GATGGTCA	4	0	1	0.0006587615283267457	0.0005
GATGTTTT	2	0	1	0.00032938076416337287	0.0005
GATTAGGA	3	0	1	0.0004940711462450593	0.0005
GATTCCTG	2	0	1	0.00032938076416337287	0.0005
GATTCTCC	1	0	1	0.00016469038208168644	0.0005
GATTGCAG	6	0	1	0.0009881422924901185	0.0005
GATTTAAT	2	0	1	0.00032938076416337287	0.0005
GATTTCGC	1	0	1	0.00016469038208168644	0.0005
GATTTGAA	5	0	2	0.0008234519104084321	0.001
GCAACACG	2	0	1	0.00032938076416337287	0.0005
GCAACCCT	1	0	1	0.00016469038208168644	0.0005
GCAACTGG	2	0	1	0.00032938076416337287	0.0005
GCAAGTCA	7	0	1	0.001152832674571805	0.0005
GCAATAAG	5	0	1	0.0008234519104084321	0.0005
GCAATAAT	4	0	1	0.0006587615283267457	0.0005
GCAATCAT	1	0	1	0.00016469038208168644	0.0005
GCAATCCT	4	0	1	0.0006587615283267457	0.0005
GCAATGCG	9	0	2	0.0014822134387351778	0.001
GCAATTTG	3	0	1	0.0004940711462450593	0.0005
GCACAACT	3	0	1	0.0004940711462450593	0.0005
GCACGTAG	1	0	1	0.00016469038208168644	0.0005
GCACGTCC	2	0	1	0.00032938076416337287	0.0005
GCAGAAGA	2	0	1	0.00032938076416337287	0.0005
GCAGAGAG	3	0	1	0.0004940711462450593	0.0005
GCAGATAA	3	0	1	0.0004940711462450593	0.0005
GCAGCATA	6	0	1	0.0009881422924901185	0.0005
GCAGCCAT	1	0	1	0.00016469038208168644	0.0005
GCAGCCTT	1	0	1	0.00016469038208168644	0.0005
GCAGCTAC	3	0	1	0.0004940711462450593	0.0005
GCAGCTGG	5	0	1	0.0008234519104084321	0.0005
GCAGGACT	3	0	1	0.0004940711462450593	0.0005
GCAGGAGT	5	0	1	0.0008234519104084321	0.0005
GCAGTCTT	6	0	1	0.0009881422924901185	0.0005
GCATACGA	2	0	1	0.00032938076416337287	0.0005
GCATATTT	1	0	1	0.00016469038208168644	0.0005
GCATCAAA	10	0	1	0.0016469038208168643	0.0005
GCATCACG	1	0	1	0.00016469038208168644	0.0005
GCATCGAG	7	0	1	0.001152832674571805	0.0005
GCATCTTC	10	0	1	0.0016469038208168643	0.0005
GCATGATT	3	0	1	0.0004940711462450593	0.0005
GCATGCCT	2	0	1	0.00032938076416337287	0.0005
GCATTATC	1	0	1	0.00016469038208168644	0.0005
GCATTCCT	3	0	1	0.0004940711462450593	0.0005
GCCAACTA	1	0	1	0.00016469038208168644	0.0005
GCCAGACA	5	0	1	0.0008234519104084321	0.0005
GCCAGGAG	1	0	1	0.00016469038208168644	0.0005
GCCATGCG	11	0	1	0.0018115942028985507	0.0005
GCCATTAA	2	0	1	0.00032938076416337287	0.0005
GCCCAAAT	2	0	1	0.00032938076416337287	0.0005
GCCCACAA	3	0	1	0.0004940711462450593	0.0005
GCCCATTG	8	0	1	0.0013175230566534915	0.0005
GCCCCGTG	5	0	1	0.0008234519104084321	0.0005
GCCCGAAG	2	0	1	0.00032938076416337287	0.0005
GCCCGAAT	1	0	1	0.00016469038208168644	0.0005
GCCGACTT	5	0	1	0.0008234519104084321	0.0005
GCCGCACT	2	0	1	0.00032938076416337287	0.0005
GCCGCGGA	2	0	1	0.00032938076416337287	0.0005
GCCGCTCG	2	0	1	0.00032938076416337287	0.0005
GCCGGGAA	4	0	1	0.0006587615283267457	0.0005
GCCTAATA	9	0	1	0.0014822134387351778	0.0005
GCCTACAC	3	0	1	0.0004940711462450593	0.0005
GCCTCATT	9	0	1	0.0014822134387351778	0.0005
GCCTCCTT	5	0	1	0.0008234519104084321	0.0005
GCCTCGGA	3	0	1	0.0004940711462450593	0.0005
GCCTGAGT	1	0	1	0.00016469038208168644	0.0005
GCCTGCTC	3	0	1	0.0004940711462450593	0.0005
GCCTGTGA	4	0	1	0.0006587615283267457	0.0005
GCCTTACG	6	0	1	0.0009881422924901185	0.0005
GCCTTCCC	2	0	1	0.00032938076416337287	0.0005
GCCTTTCA	2	0	1	0.00032938076416337287	0.0005
GCGACTGG	1	0	1	0.00016469038208168644	0.0005
GCGAGATG	1	0	1	0.00016469038208168644	0.0005
GCGATACG	4	0	1	0.0006587615283267457	0.0005
GCGATAGC	1	0	1	0.00016469038208168644	0.0005
GCGATAGT	2	0	1	0.00032938076416337287	0.0005
GCGCACAT	3	0	1	0.0004940711462450593	0.0005
GCGCCGCT	2	0	1	0.00032938076416337287	0.0005
GCGCCTGT	1	0	1	0.00016469038208168644	0.0005
GCGCGCGC	1	0	1	0.00016469038208168644	0.0005
GCGCGCTA	3	0	1	0.0004940711462450593	0.0005
GCGCGTCA	6	0	1	0.0009881422924901185	0.0005
GCGCGTTA	3	0	1	0.0004940711462450593	0.0005
GCGGAAGT	3	0	1	0.0004940711462450593	0.0005
GCGGCAGC	2	0	1	0.00032938076416337287	0.0005
GCGGCCAG	1	0	1	0.00016469038208168644	0.0005
GCGGCGAT	2	0	1	0.00032938076416337287	0.0005
GCGGCTAC	1	0	1	0.00016469038208168644	0.0005
GCGGGAAC	4	0	1	0.0006587615283267457	0.0005
GCGGGATC	2	0	1	0.00032938076416337287	0.0005
GCGGTGAG	2	0	1	0.00032938076416337287	0.0005
GCGGTTCC	6	0	1	0.0009881422924901185	0.0005
GCGTAAAG	1	0	1	0.00016469038208168644	0.0005
GCGTAATG	2	0	1	0.00032938076416337287	0.0005
GCGTATCC	5	0	1	0.0008234519104084321	0.0005
GCGTCCCC	4	0	1	0.0006587615283267457	0.0005
GCGTCCGA	4	0	1	0.0006587615283267457	0.0005
GCGTCTGG	3	0	1	0.0004940711462450593	0.0005
GCGTCTTT	2	0	1	0.00032938076416337287	0.0005
GCGTGCTA	2	0	1	0.00032938076416337287	0.0005
GCGTGTTG	8	0	1	0.0013175230566534915	0.0005
GCGTTACG	1	0	1	0.00016469038208168644	0.0005
GCTAAGAA	2	0	1	0.00032938076416337287	0.0005
GCTAGATT	5	0	1	0.0008234519104084321	0.0005
GCTAGGAG	1	0	1	0.00016469038208168644	0.0005
GCTAGTAT	1	0	1	0.00016469038208168644	0.0005
GCTATAAC	8	0	2	0.0013175230566534915	0.001
GCTATGCA	2	0	1	0.00032938076416337287	0.0005
GCTCAACC	2	0	1	0.00032938076416337287	0.0005
GCTCAATG	2	0	1	0.00032938076416337287	0.0005
GCTCACAG	1	0	1	0.00016469038208168644	0.0005
GCTCCCAG	2	0	1	0.00032938076416337287	0.0005
GCTCCCGT	1	0	1	0.00016469038208168644	0.0005
GCTCCGAC	1	0	1	0.00016469038208168644	0.0005
GCTCCGGG	3	0	1	0.0004940711462450593	0.0005
GCTCCTTC	4	0	1	0.0006587615283267457	0.0005
GCTCGGAT	2	0	1	0.00032938076416337287	0.0005
GCTCGGCG	5	0	1	0.0008234519104084321	0.0005
GCTGAATT	4	0	1	0.0006587615283267457	0.0005
GCTGACGC	1	0	1	0.00016469038208168644	0.0005
GCTGCCGA	2	0	1	0.00032938076416337287	0.0005
GCTGCCGC	6	0	1	0.0009881422924901185	0.0005
GCTGCGTA	1	0	1	0.00016469038208168644	0.0005
GCTGGAAA	1	0	1	0.00016469038208168644	0.0005
GCTGGACA	1	0	1	0.00016469038208168644	0.0005
GCTGTGTA	3	0	1	0.0004940711462450593	0.0005
GCTGTGTG	7	0	1	0.001152832674571805	0.0005
GCTTACAC	2	0	1	0.00032938076416337287	0.0005
GCTTACAT	3	0	1	0.0004940711462450593	0.0005
GCTTACCT	3	0	1	0.0004940711462450593	0.0005
GCTTACTG	4	0	1	0.0006587615283267457	0.0005
GCTTAGAT	2	0	1	0.00032938076416337287	0.0005
GCTTTCGG	1	0	1	0.00016469038208168644	0.0005
GCTTTGAG	4	0	1	0.0006587615283267457	0.0005
GCTTTTTC	3	0	1	0.0004940711462450593	0.0005
GGAACGAG	2	0	1	0.00032938076416337287	0.0005
GGAAGGAT	2	0	1	0.00032938076416337287	0.0005
GGAAGGTC	3	0	1	0.0004940711462450593	0.0005
GGAATGGC	2	0	1	0.00032938076416337287	0.0005
GGAATTAA	3	0	1	0.0004940711462450593	0.0005
GGACCACT	2	0	1	0.00032938076416337287	0.0005
GGACCCAT	2	0	1	0.00032938076416337287	0.0005
GGACCCGG	2	0	1	0.00032938076416337287	0.0005
GGACCCTA	1	0	1	0.00016469038208168644	0.0005
GGACGAAG	3	0	2	0.0004940711462450593	0.001
GGACTCAT	7	0	1	0.001152832674571805	0.0005
GGACTGAG	2	0	1	0.00032938076416337287	0.0005
GGACTGCC	2	0	1	0.00032938076416337287	0.0005
GGAGAACA	3	0	1	0.0004940711462450593	0.0005
GGAGATCC	4	0	1	0.0006587615283267457	0.0005
GGAGCAAA	1	0	1	0.00016469038208168644	0.0005
GGAGGCGG	4	0	1	0.0006587615283267457	0.0005
GGAGTAGC	1	0	1	0.00016469038208168644	0.0005
GGAGTTCG	2	0	1	0.00032938076416337287	0.0005
GGATCTGG	4	0	1	0.0006587615283267457	0.0005
GGATCTTA	4	0	1	0.0006587615283267457	0.0005
GGATTCTC	3	0	1	0.0004940711462450593	0.0005
GGCACACG	1	0	1	0.00016469038208168644	0.0005
GGCACCAA	1	0	1	0.00016469038208168644	0.0005
GGCACTCA	7	0	2	0.001152832674571805	0.001
GGCAGCCA	2	0	1	0.00032938076416337287	0.0005
GGCAGGGA	2	0	1	0.00032938076416337287	0.0005
GGCAGGGG	1	0	1	0.00016469038208168644	0.0005
GGCAGGTC	1	0	1	0.00016469038208168644	0.0005
GGCATGCC	3	0	1	0.0004940711462450593	0.0005
GGCCAATG	1	0	1	0.00016469038208168644	0.0005
GGCCCCCC	1	0	1	0.00016469038208168644	0.0005
GGCCCCGG	3	0	1	0.0004940711462450593	0.0005
GGCCCCGT	1	0	1	0.00016469038208168644	0.0005
GGCCCGAT	3	0	1	0.0004940711462450593	0.0005
GGCCCTCA	4	0	1	0.0006587615283267457	0.0005
GGCCGTGG	1	0	1	0.00016469038208168644	0.0005
GGCCTTCG	7	0	1	0.001152832674571805	0.0005
GGCCTTTG	4	0	1	0.0006587615283267457	0.0005
GGCGAGAG	1	0	1	0.00016469038208168644	0.0005
GGCGCCTG	2	0	1	0.00032938076416337287	0.0005
GGCGCGAA	1	0	1	0.00016469038208168644	0.0005
GGCGCTCA	3	0	1	0.0004940711462450593	0.0005
GGCGGAAA	1	0	1	0.00016469038208168644	0.0005
GGCGGTGA	2	0	1	0.00032938076416337287	0.0005
GGCGGTTG	3	0	1	0.0004940711462450593	0.0005
GGCGTAAA	2	0	1	0.00032938076416337287	0.0005
GGCTCGGA	2	0	1	0.00032938076416337287	0.0005
GGCTCTTA	2	0	1	0.00032938076416337287	0.0005
GGCTGCTA	2	0	1	0.00032938076416337287	0.0005
GGCTGGCA	3	0	1	0.0004940711462450593	0.0005
GGCTGGGT	1	0	1	0.00016469038208168644	0.0005
GGCTTGCA	4	0	1	0.0006587615283267457	0.0005
GGGAAACC	3	0	1	0.0004940711462450593	0.0005
GGGAAACT	4	0	1	0.0006587615283267457	0.0005
GGGAAGCA	2	0	1	0.00032938076416337287	0.0005
GGGAAGGT	3	0	1	0.0004940711462450593	0.0005
GGGACGGC	4	0	1	0.0006587615283267457	0.0005
GGGACTAA	10	0	1	0.0016469038208168643	0.0005
GGGAGCCT	1	0	1	0.00016469038208168644	0.0005
GGGAGCGC	3	0	1	0.0004940711462450593	0.0005
GGGATAGA	2	0	1	0.00032938076416337287	0.0005
GGGATCAT	7	0	1	0.001152832674571805	0.0005
GGGATCGC	1	0	1	0.00016469038208168644	0.0005
GGGCAAAC	2	0	1	0.00032938076416337287	0.0005
GGGCAATG	1	0	1	0.00016469038208168644	0.0005
GGGCAGTA	3	0	1	0.0004940711462450593	0.0005
GGGCGGAC	1	0	1	0.00016469038208168644	0.0005
GGGCGGCC	3	0	1	0.0004940711462450593	0.0005
GGGCGGGT	6	0	1	0.0009881422924901185	0.0005
GGGCGGTG	3	0	1	0.0004940711462450593	0.0005
GGGGAGCG	3	0	1	0.0004940711462450593	0.0005
GGGGAGTG	5	0	1	0.0008234519104084321	0.0005
GGGGCATT	2	0	1	0.00032938076416337287	0.0005
GGGGCGTG	3	0	1	0.0004940711462450593	0.0005
GGGGCTCC	11	0	1	0.0018115942028985507	0.0005
GGGGCTTG	3	0	1	0.0004940711462450593	0.0005
GGGGCTTT	6	0	1	0.0009881422924901185	0.0005
GGGGGAAA	3	0	1	0.0004940711462450593	0.0005
GGGGGAGC	7	0	2	0.001152832674571805	0.001
GGGGGATG	1	0	1	0.00016469038208168644	0.0005
GGGGGCGG	14	0	1	0.00230566534914361	0.0005
GGGGTGGT	2	0	1	0.00032938076416337287	0.0005
GGGTAAGA	3	0	1	0.0004940711462450593	0.0005
GGGTACGA	2	0	1	0.00032938076416337287	0.0005
GGGTAGCG	2	0	1	0.00032938076416337287	0.0005
GGGTAGGA	5	0	1	0.0008234519104084321	0.0005
GGGTCCAT	6	0	1	0.0009881422924901185	0.0005
GGGTGCAG	3	0	1	0.0004940711462450593	0.0005
GGGTTAAA	2	0	1	0.00032938076416337287	0.0005
GGTAAAAC	3	0	1	0.0004940711462450593	0.0005
GGTAAAGT	6	0	1	0.0009881422924901185	0.0005
GGTAGACC	2	0	1	0.00032938076416337287	0.0005
GGTAGACT	2	0	1	0.00032938076416337287	0.0005
GGTAGATA	2	0	1	0.00032938076416337287	0.0005
GGTAGGGA	2	0	1	0.00032938076416337287	0.0005
GGTAGGGT	5	0	1	0.0008234519104084321	0.0005
GGTAGTTG	2	0	1	0.00032938076416337287	0.0005
GGTATTGG	3	0	1	0.0004940711462450593	0.0005
GGTCAACG	2	0	1	0.00032938076416337287	0.0005
GGTCAATC	3	0	1	0.0004940711462450593	0.0005
GGTCACTT	2	0	1	0.00032938076416337287	0.0005
GGTCATCG	9	0	1	0.0014822134387351778	0.0005
GGTCCAGG	2	0	1	0.00032938076416337287	0.0005
GGTCGACT	3	0	1	0.0004940711462450593	0.0005
GGTCGCAC	3	0	2	0.0004940711462450593	0.001
GGTCGGAC	2	0	1	0.00032938076416337287	0.0005
GGTCGGTG	1	0	1	0.00016469038208168644	0.0005
GGTCTTGG	1	0	1	0.00016469038208168644	0.0005
GGTGAACG	1	0	1	0.00016469038208168644	0.0005
GGTGAATT	2	0	1	0.00032938076416337287	0.0005
GGTGACAG	2	0	1	0.00032938076416337287	0.0005
GGTGACCG	1	0	1	0.00016469038208168644	0.0005
GGTGAGTC	3	0	1	0.0004940711462450593	0.0005
GGTGATAT	1	0	1	0.00016469038208168644	0.0005
GGTGCCAT	4	0	1	0.0006587615283267457	0.0005
GGTGCGCC	10	0	1	0.0016469038208168643	0.0005
GGTGCTGC	3	0	1	0.0004940711462450593	0.0005
GGTGGACG	1	0	1	0.00016469038208168644	0.0005
GGTGGCTG	2	0	1	0.00032938076416337287	0.0005
GGTGGGCC	2	0	1	0.00032938076416337287	0.0005
GGTGTCAA	1	0	1	0.00016469038208168644	0.0005
GGTTATTG	1	0	1	0.00016469038208168644	0.0005
GGTTGTTG	2	0	1	0.00032938076416337287	0.0005
GGTTTGGG	2	0	1	0.00032938076416337287	0.0005
GGTTTTTT	4	0	1	0.0006587615283267457	0.0005
GTAAAGCC	3	0	1	0.0004940711462450593	0.0005
GTAAAGTT	2	0	1	0.00032938076416337287	0.0005
GTAAATAT	3	0	1	0.0004940711462450593	0.0005
GTAACCAC	3	0	1	0.0004940711462450593	0.0005
GTAACTTA	4	0	1	0.0006587615283267457	0.0005
GTAAGACA	3	0	1	0.0004940711462450593	0.0005
GTAAGCTC	2	0	1	0.00032938076416337287	0.0005
GTAAGGCT	2	0	1	0.00032938076416337287	0.0005
GTAAGTAG	1	0	1	0.00016469038208168644	0.0005
GTAAGTGC	1	0	1	0.00016469038208168644	0.0005
GTAATGAT	2	0	1	0.00032938076416337287	0.0005
GTAATGGT	4	0	1	0.0006587615283267457	0.0005
GTACAACC	1	0	1	0.00016469038208168644	0.0005
GTACAGCC	4	0	1	0.0006587615283267457	0.0005
GTACGAAA	4	0	1	0.0006587615283267457	0.0005
GTACGACG	5	0	1	0.0008234519104084321	0.0005
GTACGCGA	1	0	1	0.00016469038208168644	0.0005
GTACGGTC	4	0	1	0.0006587615283267457	0.0005
GTACGTCC	1	0	1	0.00016469038208168644	0.0005
GTACGTCG	1	0	1	0.00016469038208168644	0.0005
GTACGTGA	5	0	1	0.0008234519104084321	0.0005
GTAGAAAG	3	0	1	0.0004940711462450593	0.0005
GTAGAAGT	4	0	1	0.0006587615283267457	0.0005
GTAGCCCG	3	0	1	0.0004940711462450593	0.0005
GTAGCGGT	1	0	1	0.00016469038208168644	0.0005
GTAGGACA	2	0	1	0.00032938076416337287	0.0005
GTAGGCGT	6	0	1	0.0009881422924901185	0.0005
GTAGGTCG	3	0	1	0.0004940711462450593	0.0005
GTATACTG	4	0	1	0.0006587615283267457	0.0005
GTATAGAC	2	0	1	0.00032938076416337287	0.0005
GTATATAT	2	0	1	0.00032938076416337287	0.0005
GTATATCG	1	0	1	0.00016469038208168644	0.0005
GTATCACC	2	0	1	0.00032938076416337287	0.0005
GTATCGCA	5	0	1	0.0008234519104084321	0.0005
GTATGAGT	1	0	1	0.00016469038208168644	0.0005
GTCAAAGA	3	0	1	0.0004940711462450593	0.0005
GTCAACTT	2	0	1	0.00032938076416337287	0.0005
GTCACACT	3	0	1	0.0004940711462450593	0.0005
GTCACCCG	4	0	1	0.0006587615283267457	0.0005
GTCACTAA	2	0	1	0.00032938076416337287	0.0005
GTCATACT	3	0	1	0.0004940711462450593	0.0005
GTCATAGA	10	0	1	0.0016469038208168643	0.0005
GTCCAGAC	4	0	1	0.0006587615283267457	0.0005
GTCCCAGA	2	0	1	0.00032938076416337287	0.0005
GTCCCGGT	3	0	1	0.0004940711462450593	0.0005
GTCCCTTC	1	0	1	0.00016469038208168644	0.0005
GTCCCTTG	3	0	1	0.0004940711462450593	0.0005
GTCCGATG	3	0	1	0.0004940711462450593	0.0005
GTCCGTGA	4	0	1	0.0006587615283267457	0.0005
GTCCGTGT	2	0	1	0.00032938076416337287	0.0005
GTCCGTTG	2	0	1	0.00032938076416337287	0.0005
GTCGAGAA	1	0	1	0.00016469038208168644	0.0005
GTCGGCGT	3	0	1	0.0004940711462450593	0.0005
GTCGGGTC	1	0	1	0.00016469038208168644	0.0005
GTCTACCA	4	0	1	0.0006587615283267457	0.0005
GTCTCCTC	5	0	1	0.0008234519104084321	0.0005
GTCTCTAG	4	0	1	0.0006587615283267457	0.0005
GTCTGAGG	1	0	1	0.00016469038208168644	0.0005
GTCTGAGT	2	0	1	0.00032938076416337287	0.0005
GTCTGATC	3	0	1	0.0004940711462450593	0.0005
GTCTTATA	1	0	1	0.00016469038208168644	0.0005
GTCTTCCG	2	0	1	0.00032938076416337287	0.0005
GTCTTTAG	3	0	1	0.0004940711462450593	0.0005
GTGAATCG	3	0	1	0.0004940711462450593	0.0005
GTGACCCG	1	0	1	0.00016469038208168644	0.0005
GTGACCCT	2	0	1	0.00032938076416337287	0.0005
GTGACCTA	2	0	1	0.00032938076416337287	0.0005
GTGACTAC	2	0	1	0.00032938076416337287	0.0005
GTGAGAGT	1	0	1	0.00016469038208168644	0.0005
GTGAGCTA	2	0	1	0.00032938076416337287	0.0005
GTGATTTT	5	0	1	0.0008234519104084321	0.0005
GTGCAACG	3	0	1	0.0004940711462450593	0.0005
GTGCAATC	2	0	1	0.00032938076416337287	0.0005
GTGCACCC	2	0	1	0.00032938076416337287	0.0005
GTGCACGA	3	0	1	0.0004940711462450593	0.0005
GTGCACTA	3	0	1	0.0004940711462450593	0.0005
GTGCCTCA	3	0	1	0.0004940711462450593	0.0005
GTGCGGGT	2	0	1	0.00032938076416337287	0.0005
GTGCGTCC	3	0	1	0.0004940711462450593	0.0005
GTGCTATG	3	0	1	0.0004940711462450593	0.0005
GTGCTGGA	3	0	1	0.0004940711462450593	0.0005
GTGGAGTG	7	0	1	0.001152832674571805	0.0005
GTGGCTAA	4	0	1	0.0006587615283267457	0.0005
GTGGGCCC	4	0	2	0.0006587615283267457	0.001
GTGGGCTC	2	0	1	0.00032938076416337287	0.0005
GTGGTAGG	4	0	1	0.0006587615283267457	0.0005
GTGGTCAT	2	0	1	0.00032938076416337287	0.0005
GTGGTCCG	4	0	1	0.0006587615283267457	0.0005
GTGGTCTA	2	0	1	0.00032938076416337287	0.0005
GTGTAACG	4	0	1	0.0006587615283267457	0.0005
GTGTAGAC	14	0	1	0.00230566534914361	0.0005
GTGTAGTT	2	0	1	0.00032938076416337287	0.0005
GTGTATCT	2	0	1	0.00032938076416337287	0.0005
GTGTCACG	2	0	1	0.00032938076416337287	0.0005
GTGTCGTA	3	0	1	0.0004940711462450593	0.0005
GTGTCTGA	2	0	1	0.00032938076416337287	0.0005
GTGTGTGA	2	0	1	0.00032938076416337287	0.0005
GTGTTCTA	1	0	1	0.00016469038208168644	0.0005
GTGTTTAC	6	0	1	0.0009881422924901185	0.0005
GTGTTTTG	5	0	1	0.0008234519104084321	0.0005
GTTAAGAG	2	0	1	0.00032938076416337287	0.0005
GTTAATGA	3	0	1	0.0004940711462450593	0.0005
GTTACCAA	3	0	1	0.0004940711462450593	0.0005
GTTACGTA	2	0	1	0.00032938076416337287	0.0005
GTTACTAT	1	0	1	0.00016469038208168644	0.0005
GTTAGCCC	2	0	1	0.00032938076416337287	0.0005
GTTAGGTT	1	0	1	0.00016469038208168644	0.0005
GTTATATG	2	0	1	0.00032938076416337287	0.0005
GTTATCGC	5	0	1	0.0008234519104084321	0.0005
GTTCCTAA	2	0	1	0.00032938076416337287	0.0005
GTTCGCAT	4	0	1	0.0006587615283267457	0.0005
GTTCTCCA	2	0	1	0.00032938076416337287	0.0005
GTTCTGGT	1	0	1	0.00016469038208168644	0.0005
GTTCTTCT	5	0	1	0.0008234519104084321	0.0005
GTTGGGAC	3	0	1	0.0004940711462450593	0.0005
GTTGGGCT	4	0	1	0.0006587615283267457	0.0005
GTTGTCCC	1	0	1	0.00016469038208168644	0.0005
GTTGTGGA	6	0	1	0.0009881422924901185	0.0005
GTTGTTAG	1	0	1	0.00016469038208168644	0.0005
GTTTAAAT	2	0	1	0.00032938076416337287	0.0005
GTTTAACG	2	0	1	0.00032938076416337287	0.0005
GTTTACTG	2	0	1	0.00032938076416337287	0.0005
GTTTAGCT	4	0	1	0.0006587615283267457	0.0005
GTTTATTT	4	0	1	0.0006587615283267457	0.0005
GTTTCATA	1	0	1	0.00016469038208168644	0.0005
GTTTCGGC	1	0	1	0.00016469038208168644	0.0005
GTTTTGAA	3	0	1	0.0004940711462450593	0.0005
GTTTTGAG	4	0	1	0.0006587615283267457	0.0005
TAAACCTG	7	0	1	0.001152832674571805	0.0005
TAAACGAT	2	0	1	0.00032938076416337287	0.0005
TAAAGATC	1	0	1	0.00016469038208168644	0.0005
TAAAGGAA	2	0	1	0.00032938076416337287	0.0005
TAAAGGCA	1	0	1	0.00016469038208168644	0.0005
TAAATAGA	3	0	1	0.0004940711462450593	0.0005
TAAATCGT	2	0	1	0.00032938076416337287	0.0005
TAAATTGG	10	0	1	0.0016469038208168643	0.0005
TAACCTTT	2	0	1	0.00032938076416337287	0.0005
TAACGCCA	1	0	1	0.00016469038208168644	0.0005
TAACGTTC	6	0	1	0.0009881422924901185	0.0005
TAACTCGT	1	0	1	0.00016469038208168644	0.0005
TAACTCTA	1	0	1	0.00016469038208168644	0.0005
TAACTCTG	1	0	1	0.00016469038208168644	0.0005
TAACTTGG	4	0	1	0.0006587615283267457	0.0005
TAAGCCAT	2	0	1	0.00032938076416337287	0.0005
TAAGCCGA	2	0	1	0.00032938076416337287	0.0005
TAAGCGCT	1	0	1	0.00016469038208168644	0.0005
TAAGCGGG	6	0	1	0.0009881422924901185	0.0005
TAAGCTGG	1	0	1	0.00016469038208168644	0.0005
TAAGGACT	3	0	1	0.0004940711462450593	0.0005
TAAGGCCC	1	0	1	0.00016469038208168644	0.0005
TAAGGTCC	1	0	1	0.00016469038208168644	0.0005
TAAGTCGC	3	0	1	0.0004940711462450593	0.0005
TAAGTGTT	3	0	1	0.0004940711462450593	0.0005
TAATAACG	1	0	1	0.00016469038208168644	0.0005
TAATAATA	4	0	1	0.0006587615283267457	0.0005
TAATACAT	3	0	1	0.0004940711462450593	0.0005
TAATAGAG	2	0	1	0.00032938076416337287	0.0005
TAATAGTC	2	0	1	0.00032938076416337287	0.0005
TAATCAGT	3	0	1	0.0004940711462450593	0.0005
TAATCCCC	4	0	1	0.0006587615283267457	0.0005
TAATCTAC	11	0	1	0.0018115942028985507	0.0005
TAATGCTT	5	0	1	0.0008234519104084321	0.0005
TAATGTAG	8	0	1	0.0013175230566534915	0.0005
TAATTCGC	2	0	1	0.00032938076416337287	0.0005
TAATTGGT	3	0	1	0.0004940711462450593	0.0005
TAATTTCC	3	0	1	0.0004940711462450593	0.0005
TACAAGAC	2	0	1	0.00032938076416337287	0.0005
TACACCTC	3	0	1	0.0004940711462450593	0.0005
TACACGAT	5	0	1	0.0008234519104084321	0.0005
TACAGTCA	1	0	1	0.00016469038208168644	0.0005
TACAGTCG	4	0	1	0.0006587615283267457	0.0005
TACATAAA	2	0	1	0.00032938076416337287	0.0005
TACATAGC	5	0	1	0.0008234519104084321	0.0005
TACATAGG	3	0	1	0.0004940711462450593	0.0005
TACATGCG	3	0	1	0.0004940711462450593	0.0005
TACCACAA	2	0	1	0.00032938076416337287	0.0005
TACCAGAG	1	0	1	0.00016469038208168644	0.0005
TACCCATT	1	0	1	0.00016469038208168644	0.0005
TACCTGAG	5	0	1	0.0008234519104084321	0.0005
TACCTGGT	1	0	1	0.00016469038208168644	0.0005
TACCTGTA	2	0	1	0.00032938076416337287	0.0005
TACCTTCA	1	0	1	0.00016469038208168644	0.0005
TACCTTGT	4	0	1	0.0006587615283267457	0.0005
TACGACAC	3	0	1	0.0004940711462450593	0.0005
TACGCGAG	4	0	1	0.0006587615283267457	0.0005
TACGCTCC	3	0	1	0.0004940711462450593	0.0005
TACGTAAC	4	0	1	0.0006587615283267457	0.0005
TACGTACC	3	0	1	0.0004940711462450593	0.0005
TACTAAGG	4	0	1	0.0006587615283267457	0.0005
TACTAGGA	7	0	1	0.001152832674571805	0.0005
TACTCACT	4	0	1	0.0006587615283267457	0.0005
TACTCCTC	2	0	1	0.00032938076416337287	0.0005
TACTCGAT	2	0	1	0.00032938076416337287	0.0005
TACTCTCG	4	0	1	0.0006587615283267457	0.0005
TACTGGAC	3	0	1	0.0004940711462450593	0.0005
TACTTGCA	4	0	1	0.0006587615283267457	0.0005
TAGAACAC	1	0	1	0.00016469038208168644	0.0005
TAGAAGAC	2	0	1	0.00032938076416337287	0.0005
TAGAAGCT	4	0	1	0.0006587615283267457	0.0005
TAGAATGT	2	0	1	0.00032938076416337287	0.0005
TAGAATTA	5	0	1	0.0008234519104084321	0.0005
TAGACACG	2	0	1	0.00032938076416337287	0.0005
TAGACAGG	6	0	1	0.0009881422924901185	0.0005
TAGAGCAG	3	0	1	0.0004940711462450593	0.0005
TAGAGTGT	1	0	1	0.00016469038208168644	0.0005
TAGATTTA	1	0	1	0.00016469038208168644	0.0005
TAGCAAGT	2	0	1	0.00032938076416337287	0.0005
TAGCACCG	3	0	1	0.0004940711462450593	0.0005
TAGCACTT	3	0	1	0.0004940711462450593	0.0005
TAGCCCTT	3	0	1	0.0004940711462450593	0.0005
TAGCGGTG	2	0	1	0.00032938076416337287	0.0005
TAGGAGGC	4	0	1	0.0006587615283267457	0.0005
TAGGAGTC	10	0	1	0.0016469038208168643	0.0005
TAGGAGTG	2	0	1	0.00032938076416337287	0.0005
TAGGCATT	3	0	1	0.0004940711462450593	0.0005
TAGGGATT	1	0	1	0.00016469038208168644	0.0005
TAGGGGTG	3	0	1	0.0004940711462450593	0.0005
TAGGTCTG	4	0	1	0.0006587615283267457	0.0005
TAGTAACG	2	0	1	0.00032938076416337287	0.0005
TAGTCTAT	1	0	1	0.00016469038208168644	0.0005
TAGTGCCA	2	0	1	0.00032938076416337287	0.0005
TAGTGGAG	2	0	1	0.00032938076416337287	0.0005
TAGTTACC	2	0	1	0.00032938076416337287	0.0005
TAGTTGAC	1	0	1	0.00016469038208168644	0.0005
TATACTAC	3	0	1	0.0004940711462450593	0.0005
TATAGAGA	4	0	1	0.0006587615283267457	0.0005
TATAGTGA	2	0	1	0.00032938076416337287	0.0005
TATAGTTG	3	0	1	0.0004940711462450593	0.0005
TATATTCA	1	0	1	0.00016469038208168644	0.0005
TATATTTA	1	0	1	0.00016469038208168644	0.0005
TATCACAT	2	0	1	0.00032938076416337287	0.0005
TATCACGG	3	0	1	0.0004940711462450593	0.0005
TATCCACG	1	0	1	0.00016469038208168644	0.0005
TATCCAGT	3	0	1	0.0004940711462450593	0.0005
TATCCGAG	2	0	1	0.00032938076416337287	0.0005
TATCGATG	3	0	1	0.0004940711462450593	0.0005
TATCGGTC	5	0	2	0.0008234519104084321	0.001
TATCTCTC	10	0	1	0.0016469038208168643	0.0005
TATCTGGG	2	0	1	0.00032938076416337287	0.0005
TATGAAGC	2	0	1	0.00032938076416337287	0.0005
TATGAGCC	9	0	1	0.0014822134387351778	0.0005
TATGCACT	3	0	1	0.0004940711462450593	0.0005
TATGCCCT	6	0	2	0.0009881422924901185	0.001
TATGTAAG	4	0	1	0.0006587615283267457	0.0005
TATGTAGG	3	0	1	0.0004940711462450593	0.0005
TATGTATG	2	0	1	0.00032938076416337287	0.0005
TATGTCGG	7	0	1	0.001152832674571805	0.0005
TATGTGAC	2	0	1	0.00032938076416337287	0.0005
TATGTTCT	1	0	1	0.00016469038208168644	0.0005
TATTATAA	1	0	1	0.00016469038208168644	0.0005
TATTATGT	1	0	1	0.00016469038208168644	0.0005
TATTCAGG	4	0	1	0.0006587615283267457	0.0005
TATTCATG	1	0	1	0.00016469038208168644	0.0005
TATTCTAA	4	0	1	0.0006587615283267457	0.0005
TATTGGAG	2	0	1	0.00032938076416337287	0.0005
TATTTAGT	4	0	1	0.0006587615283267457	0.0005
TATTTTAG	2	0	1	0.00032938076416337287	0.0005
TCAATAAG	6	0	1	0.0009881422924901185	0.0005
TCACCAGA	4	0	1	0.0006587615283267457	0.0005
TCACTTTA	2	0	1	0.00032938076416337287	0.0005
TCACTTTT	2	0	1	0.00032938076416337287	0.0005
TCAGCTCG	1	0	1	0.00016469038208168644	0.0005
TCAGCTCT	3	0	1	0.0004940711462450593	0.0005
TCAGCTGC	7	0	1	0.001152832674571805	0.0005
TCATCGAG	2	0	1	0.00032938076416337287	0.0005
TCATCTCG	2	0	1	0.00032938076416337287	0.0005
TCATCTGA	9	0	1	0.0014822134387351778	0.0005
TCATGTAA	2	0	1	0.00032938076416337287	0.0005
TCCAACGG	4	0	1	0.0006587615283267457	0.0005
TCCAATGG	2	0	1	0.00032938076416337287	0.0005
TCCAATTG	1	0	1	0.00016469038208168644	0.0005
TCCACACC	2	0	1	0.00032938076416337287	0.0005
TCCACGAA	2	0	1	0.00032938076416337287	0.0005
TCCACGTT	3	0	1	0.0004940711462450593	0.0005
TCCATAGC	4	0	1	0.0006587615283267457	0.0005
TCCATCAG	3	0	1	0.0004940711462450593	0.0005
TCCCAAAA	2	0	1	0.00032938076416337287	0.0005
TCCCAAAT	3	0	1	0.0004940711462450593	0.0005
TCCCACAC	4	0	1	0.0006587615283267457	0.0005
TCCCAGCA	1	0	1	0.00016469038208168644	0.0005
TCCCTATT	2	0	1	0.00032938076416337287	0.0005
TCCCTCAG	2	0	1	0.00032938076416337287	0.0005
TCCCTCAT	4	0	1	0.0006587615283267457	0.0005
TCCGAGGG	5	0	1	0.0008234519104084321	0.0005
TCCGATCC	5	0	1	0.0008234519104084321	0.0005
TCCGATTC	3	0	1	0.0004940711462450593	0.0005
TCCGCGAG	3	0	1	0.0004940711462450593	0.0005
TCCGCGCG	1	0	1	0.00016469038208168644	0.0005
TCCGCTGA	3	0	1	0.0004940711462450593	0.0005
TCCGCTGC	2	0	1	0.00032938076416337287	0.0005
TCCGGGTA	2	0	1	0.00032938076416337287	0.0005
TCCGTAGA	2	0	1	0.00032938076416337287	0.0005
TCCGTCTT	2	0	1	0.00032938076416337287	0.0005
TCCTCTCG	1	0	1	0.00016469038208168644	0.0005
TCCTGATG	4	0	1	0.0006587615283267457	0.0005
TCCTGATT	1	0	1	0.00016469038208168644	0.0005
TCCTGCCG	3	0	1	0.0004940711462450593	0.0005
TCCTGTAG	1	0	1	0.00016469038208168644	0.0005
TCCTTAAA	2	0	1	0.00032938076416337287	0.0005
TCCTTTGC	1	0	1	0.00016469038208168644	0.0005
TCGAAGGG	2	0	1	0.00032938076416337287	0.0005
TCGAAGTT	2	0	1	0.00032938076416337287	0.0005
TCGAATCA	2	0	1	0.00032938076416337287	0.0005
TCGAATGA	7	0	1	0.001152832674571805	0.0005
TCGACGAC	2	0	1	0.00032938076416337287	0.0005
TCGAGTCC	1	0	1	0.00016469038208168644	0.0005
TCGATACC	6	0	1	0.0009881422924901185	0.0005
TCGATATT	4	0	1	0.0006587615283267457	0.0005
TCGATCCT	4	0	1	0.0006587615283267457	0.0005
TCGATGTT	9	0	1	0.0014822134387351778	0.0005
TCGCCCCC	3	0	1	0.0004940711462450593	0.0005
TCGCCCGT	4	0	1	0.0006587615283267457	0.0005
TCGCGACC	1	0	1	0.00016469038208168644	0.0005
TCGCGATA	1	0	1	0.00016469038208168644	0.0005
TCGCGCGA	3	0	1	0.0004940711462450593	0.0005
TCGCGGGC	8	0	1	0.0013175230566534915	0.0005
TCGCTAGC	2	0	1	0.00032938076416337287	0.0005
TCGCTGTT	2	0	1	0.00032938076416337287	0.0005
TCGCTTCA	1	0	1	0.00016469038208168644	0.0005
TCGGACCA	3	0	1	0.0004940711462450593	0.0005
TCGGATCA	1	0	1	0.00016469038208168644	0.0005
TCGGCAAA	1	0	1	0.00016469038208168644	0.0005
TCGGCGTG	2	0	1	0.00032938076416337287	0.0005
TCGGCTCC	1	0	1	0.00016469038208168644	0.0005
TCGGCTTT	2	0	1	0.00032938076416337287	0.0005
TCGGGCTT	5	0	1	0.0008234519104084321	0.0005
TCGGGGGA	3	0	1	0.0004940711462450593	0.0005
TCGGGTCC	3	0	1	0.0004940711462450593	0.0005
TCGGTAAT	9	0	1	0.0014822134387351778	0.0005
TCGTATTT	5	0	1	0.0008234519104084321	0.0005
TCGTCGAT	2	0	1	0.00032938076416337287	0.0005
TCGTCGTT	2	0	1	0.00032938076416337287	0.0005
TCGTCTCT	1	0	1	0.00016469038208168644	0.0005
TCGTGCGA	3	0	1	0.0004940711462450593	0.0005
TCGTTTGT	1	0	1	0.00016469038208168644	0.0005
TCTAATTG	3	0	1	0.0004940711462450593	0.0005
TCTACTGC	3	0	1	0.0004940711462450593	0.0005
TCTACTTA	3	0	1	0.0004940711462450593	0.0005
TCTAGATG	3	0	1	0.0004940711462450593	0.0005
TCTAGGAA	1	0	1	0.00016469038208168644	0.0005
TCTAGGGC	11	0	1	0.0018115942028985507	0.0005
TCTATTCT	2	0	1	0.00032938076416337287	0.0005
TCTCAGAA	4	0	1	0.0006587615283267457	0.0005
TCTCATAA	4	0	1	0.0006587615283267457	0.0005
TCTCCCAT	5	0	1	0.0008234519104084321	0.0005
TCTCCTCA	1	0	1	0.00016469038208168644	0.0005
TCTCCTTG	2	0	1	0.00032938076416337287	0.0005
TCTCGAGA	3	0	1	0.0004940711462450593	0.0005
TCTCGATG	6	0	1	0.0009881422924901185	0.0005
TCTCGGAA	5	0	1	0.0008234519104084321	0.0005
TCTCGGAG	3	0	1	0.0004940711462450593	0.0005
TCTCGTGG	3	0	1	0.0004940711462450593	0.0005
TCTCGTTA	1	0	1	0.00016469038208168644	0.0005
TCTCTGGC	2	0	1	0.00032938076416337287	0.0005
TCTCTTCC	4	0	1	0.0006587615283267457	0.0005
TCTGAACG	3	0	1	0.0004940711462450593	0.0005
TCTGAGTG	9	0	1	0.0014822134387351778	0.0005
TCTGCAAG	1	0	1	0.00016469038208168644	0.0005
TCTGCGTC	1	0	1	0.00016469038208168644	0.0005
TCTGGGGG	2	0	1	0.00032938076416337287	0.0005
TCTGTACA	3	0	1	0.0004940711462450593	0.0005
TCTGTGCA	2	0	1	0.00032938076416337287	0.0005
TCTGTTAA	11	0	1	0.0018115942028985507	0.0005
TCTGTTAC	2	0	1	0.00032938076416337287	0.0005
TCTTAGAT	1	0	1	0.00016469038208168644	0.0005
TCTTATCC	3	0	1	0.0004940711462450593	0.0005
TCTTCAAC	3	0	1	0.0004940711462450593	0.0005
TCTTCATA	3	0	1	0.0004940711462450593	0.0005
TCTTCTTA	4	0	1	0.0006587615283267457	0.0005
TCTTCTTC	2	0	1	0.00032938076416337287	0.0005
TCTTGCGT	3	0	1	0.0004940711462450593	0.0005
TCTTGGAA	1	0	1	0.00016469038208168644	0.0005
TCTTTAAC	1	0	1	0.00016469038208168644	0.0005
TCTTTGCA	5	0	1	0.0008234519104084321	0.0005
TGAAACTG	5	0	1	0.0008234519104084321	0.0005
TGAACAAC	5	0	1	0.0008234519104084321	0.0005
TGAACCCC	2	0	1	0.00032938076416337287	0.0005
TGAACGTT	1	0	1	0.00016469038208168644	0.0005
TGAACTCA	1	0	1	0.00016469038208168644	0.0005
TGAATAAC	2	0	1	0.00032938076416337287	0.0005
TGAATCAA	5	0	1	0.0008234519104084321	0.0005
TGACACTG	2	0	1	0.00032938076416337287	0.0005
TGACCACG	9	0	1	0.0014822134387351778	0.0005
TGACGGCG	1	0	1	0.00016469038208168644	0.0005
TGACTGGG	2	0	1	0.00032938076416337287	0.0005
TGAGAGAA	2	0	1	0.00032938076416337287	0.0005
TGAGATCA	1	0	1	0.00016469038208168644	0.0005
TGAGCACG	2	0	1	0.00032938076416337287	0.0005
TGAGCCAT	3	0	1	0.0004940711462450593	0.0005
TGAGCTAG	2	0	1	0.00032938076416337287	0.0005
TGAGCTTC	1	0	1	0.00016469038208168644	0.0005
TGAGGCGC	2	0	1	0.00032938076416337287	0.0005
TGAGTGAT	2	0	1	0.00032938076416337287	0.0005
TGAGTGCC	2	0	1	0.00032938076416337287	0.0005
TGATACAT	4	0	1	0.0006587615283267457	0.0005
TGATAGAT	2	0	1	0.00032938076416337287	0.0005
TGATAGGG	2	0	1	0.00032938076416337287	0.0005
TGATGCTT	1	0	1	0.00016469038208168644	0.0005
TGATGTGT	2	0	1	0.00032938076416337287	0.0005
TGATTATA	2	0	1	0.00032938076416337287	0.0005
TGATTGAA	6	0	1	0.0009881422924901185	0.0005
TGCAAGCA	4	0	1	0.0006587615283267457	0.0005
TGCAATGG	4	0	1	0.0006587615283267457	0.0005
TGCACCTC	3	0	1	0.0004940711462450593	0.0005
TGCACTGT	1	0	1	0.00016469038208168644	0.0005
TGCATAGC	2	0	1	0.00032938076416337287	0.0005
TGCCAACA	2	0	1	0.00032938076416337287	0.0005
TGCCACTA	3	0	1	0.0004940711462450593	0.0005
TGCCAGAG	4	0	1	0.0006587615283267457	0.0005
TGCCATTT	2	0	1	0.00032938076416337287	0.0005
TGCCCAGT	1	0	1	0.00016469038208168644	0.0005
TGCCCTGC	2	0	1	0.00032938076416337287	0.0005
TGCCGAAC	5	0	1	0.0008234519104084321	0.0005
TGCCGAGT	1	0	1	0.00016469038208168644	0.0005
TGCCGCTT	1	0	1	0.00016469038208168644	0.0005
TGCCTATC	1	0	1	0.00016469038208168644	0.0005
TGCCTCAC	1	0	1	0.00016469038208168644	0.0005
TGCGACTC	3	0	1	0.0004940711462450593	0.0005
TGCGATCA	1	0	1	0.00016469038208168644	0.0005
TGCGCGGT	3	0	1	0.0004940711462450593	0.0005
TGCGGACG	1	0	1	0.00016469038208168644	0.0005
TGCGGCAT	9	0	1	0.0014822134387351778	0.0005
TGCGTCAT	1	0	1	0.00016469038208168644	0.0005
TGCGTGGG	7	0	2	0.001152832674571805	0.001
TGCTCGAC	3	0	1	0.0004940711462450593	0.0005
TGCTGAGC	2	0	1	0.00032938076416337287	0.0005
TGCTGCAC	3	0	1	0.0004940711462450593	0.0005
TGCTTGCT	1	0	1	0.00016469038208168644	0.0005
TGGAATTA	2	0	1	0.00032938076416337287	0.0005
TGGAGCTG	3	0	1	0.0004940711462450593	0.0005
TGGATGGG	4	0	1	0.0006587615283267457	0.0005
TGGATTGG	2	0	1	0.00032938076416337287	0.0005
TGGCACTC	4	0	1	0.0006587615283267457	0.0005
TGGCAGGC	9	0	1	0.0014822134387351778	0.0005
TGGCAGTG	1	0	1	0.00016469038208168644	0.0005
TGGCATCT	1	0	1	0.00016469038208168644	0.0005
TGGCCAAC	2	0	1	0.00032938076416337287	0.0005
TGGCCGAG	1	0	1	0.00016469038208168644	0.0005
TGGCCTTA	2	0	1	0.00032938076416337287	0.0005
TGGCGCAC	1	0	1	0.00016469038208168644	0.0005
TGGCGTGC	3	0	1	0.0004940711462450593	0.0005
TGGGAACA	1	0	1	0.00016469038208168644	0.0005
TGGGAGAC	3	0	1	0.0004940711462450593	0.0005
TGGGAGGC	2	0	1	0.00032938076416337287	0.0005
TGGGATTT	2	0	1	0.00032938076416337287	0.0005
TGGGCTCA	4	0	1	0.0006587615283267457	0.0005
TGGGGACG	3	0	1	0.0004940711462450593	0.0005
TGGGGCTA	7	0	1	0.001152832674571805	0.0005
TGGGGGGC	1	0	1	0.00016469038208168644	0.0005
TGGGGTCC	2	0	1	0.00032938076416337287	0.0005
TGGGTCCA	1	0	1	0.00016469038208168644	0.0005
TGGGTCGT	2	0	1	0.00032938076416337287	0.0005
TGGGTCTG	2	0	1	0.00032938076416337287	0.0005
TGGGTTTT	1	0	1	0.00016469038208168644	0.0005
TGGTAGTG	1	0	1	0.00016469038208168644	0.0005
TGGTCATT	3	0	1	0.0004940711462450593	0.0005
TGGTCGTA	1	0	1	0.00016469038208168644	0.0005
TGGTCTTC	11	0	1	0.0018115942028985507	0.0005
TGGTGACA	2	0	1	0.00032938076416337287	0.0005
TGGTGTGC	4	0	1	0.0006587615283267457	0.0005
TGGTTATA	1	0	1	0.00016469038208168644	0.0005
TGGTTGTA	2	0	1	0.00032938076416337287	0.0005
TGTAACTA	4	0	1	0.0006587615283267457	0.0005
TGTAAGCC	3	0	1	0.0004940711462450593	0.0005
TGTAAGTC	2	0	1	0.00032938076416337287	0.0005
TGTACACG	4	0	1	0.0006587615283267457	0.0005
TGTAGAAG	1	0	1	0.00016469038208168644	0.0005
TGTAGGTC	5	0	1	0.0008234519104084321	0.0005
TGTATCAA	4	0	2	0.0006587615283267457	0.001
TGTATTAT	9	0	1	0.0014822134387351778	0.0005
TGTCAAGA	3	0	1	0.0004940711462450593	0.0005
TGTCAGCT	3	0	1	0.0004940711462450593	0.0005
TGTCATCC	2	0	1	0.00032938076416337287	0.0005
TGTCCAGA	5	0	1	0.0008234519104084321	0.0005
TGTCCCTG	2	0	1	0.00032938076416337287	0.0005
TGTCCTAC	2	0	1	0.00032938076416337287	0.0005
TGTCGAGA	8	0	1	0.0013175230566534915	0.0005
TGTCTGAT	4	0	1	0.0006587615283267457	0.0005
TGTCTTTA	5	0	1	0.0008234519104084321	0.0005
TGTGACAG	7	0	1	0.001152832674571805	0.0005
TGTGACCT	2	0	1	0.00032938076416337287	0.0005
TGTGAGTC	1	0	1	0.00016469038208168644	0.0005
TGTGCATG	4	0	1	0.0006587615283267457	0.0005
TGTGCCGT	13	0	1	0.0021409749670619235	0.0005
TGTGCTCG	3	0	1	0.0004940711462450593	0.0005
TGTGGCCA	5	0	1	0.0008234519104084321	0.0005
TGTTAGAA	3	0	1	0.0004940711462450593	0.0005
TGTTAGCA	6	0	2	0.0009881422924901185	0.001
TGTTCAAC	3	0	1	0.0004940711462450593	0.0005
TGTTGAAT	2	0	1	0.00032938076416337287	0.0005
TGTTTCCG	3	0	1	0.0004940711462450593	0.0005
TTAAAATT	4	0	1	0.0006587615283267457	0.0005
TTAAAGTC	2	0	1	0.00032938076416337287	0.0005
TTAACTAC	1	0	1	0.00016469038208168644	0.0005
TTAACTCG	3	0	1	0.0004940711462450593	0.0005
TTAAGTCG	1	0	1	0.00016469038208168644	0.0005
TTACAATC	1	0	1	0.00016469038208168644	0.0005
TTACATGA	2	0	1	0.00032938076416337287	0.0005
TTACCAAC	3	0	1	0.0004940711462450593	0.0005
TTACCACT	1	0	1	0.00016469038208168644	0.0005
TTACCGAG	1	0	1	0.00016469038208168644	0.0005
TTACCGGA	11	0	1	0.0018115942028985507	0.0005
TTACCTCC	2	0	1	0.00032938076416337287	0.0005
TTACGACC	2	0	1	0.00032938076416337287	0.0005
TTACGATA	4	0	1	0.0006587615283267457	0.0005
TTACGTAG	5	0	1	0.0008234519104084321	0.0005
TTACTACC	2	0	1	0.00032938076416337287	0.0005
TTACTCAC	3	0	1	0.0004940711462450593	0.0005
TTACTCCT	3	0	1	0.0004940711462450593	0.0005
TTAGAACG	2	0	1	0.00032938076416337287	0.0005
TTAGCTGC	2	0	1	0.00032938076416337287	0.0005
TTAGGGCG	4	0	1	0.0006587615283267457	0.0005
TTAGTGAA	6	0	1	0.0009881422924901185	0.0005
TTATACAA	3	0	1	0.0004940711462450593	0.0005
TTATCTCG	2	0	1	0.00032938076416337287	0.0005
TTATGATT	4	0	1	0.0006587615283267457	0.0005
TTATGTAG	4	0	1	0.0006587615283267457	0.0005
TTATTCAG	1	0	1	0.00016469038208168644	0.0005
TTATTCCC	2	0	1	0.00032938076416337287	0.0005
TTATTCGA	3	0	1	0.0004940711462450593	0.0005
TTATTGAA	2	0	1	0.00032938076416337287	0.0005
TTATTGTC	1	0	1	0.00016469038208168644	0.0005
TTATTTGA	7	0	1	0.001152832674571805	0.0005
TTCAACAA	3	0	1	0.0004940711462450593	0.0005
TTCAACTT	2	0	1	0.00032938076416337287	0.0005
TTCACAGA	4	0	1	0.0006587615283267457	0.0005
TTCACCGT	3	0	1	0.0004940711462450593	0.0005
TTCACGCA	6	0	1	0.0009881422924901185	0.0005
TTCACGCC	4	0	1	0.0006587615283267457	0.0005
TTCACTTC	1	0	1	0.00016469038208168644	0.0005
TTCAGCCG	2	0	1	0.00032938076416337287	0.0005
TTCAGGCA	2	0	1	0.00032938076416337287	0.0005
TTCAGTTT	5	0	1	0.0008234519104084321	0.0005
TTCATATA	7	0	1	0.001152832674571805	0.0005
TTCATCAA	2	0	1	0.00032938076416337287	0.0005
TTCATCGT	2	0	1	0.00032938076416337287	0.0005
TTCATGAT	4	0	1	0.0006587615283267457	0.0005
TTCCAACG	4	0	1	0.0006587615283267457	0.0005
TTCCAAGG	1	0	1	0.00016469038208168644	0.0005
TTCCCAGG	1	0	1	0.00016469038208168644	0.0005
TTCCCATC	6	0	1	0.0009881422924901185	0.0005
TTCCCGAC	2	0	1	0.00032938076416337287	0.0005
TTCCCGTC	1	0	1	0.00016469038208168644	0.0005
TTCCGTTC	3	0	1	0.0004940711462450593	0.0005
TTCCTATG	2	0	1	0.00032938076416337287	0.0005
TTCCTCAA	3	0	1	0.0004940711462450593	0.0005
TTCCTCAT	1	0	1	0.00016469038208168644	0.0005
TTCCTGAG	3	0	1	0.0004940711462450593	0.0005
TTCCTGCA	2	0	1	0.00032938076416337287	0.0005
TTCGAAGC	5	0	1	0.0008234519104084321	0.0005
TTCGAAGT	5	0	1	0.0008234519104084321	0.0005
TTCGACAG	3	0	1	0.0004940711462450593	0.0005
TTCGCAAT	4	0	1	0.0006587615283267457	0.0005
TTCGCAGA	1	0	1	0.00016469038208168644	0.0005
TTCGCGCG	2	0	1	0.00032938076416337287	0.0005
TTCGCGCT	1	0	1	0.00016469038208168644	0.0005
TTCGCTTT	9	0	1	0.0014822134387351778	0.0005
TTCGGGCC	2	0	1	0.00032938076416337287	0.0005
TTCGTAGT	3	0	1	0.0004940711462450593	0.0005
TTCGTCTA	2	0	1	0.00032938076416337287	0.0005
TTCGTTGA	2	0	1	0.00032938076416337287	0.0005
TTCTACAA	4	0	1	0.0006587615283267457	0.0005
TTCTAGAT	3	0	1	0.0004940711462450593	0.0005
TTCTATTA	3	0	1	0.0004940711462450593	0.0005
TTCTCCGG	5	0	1	0.0008234519104084321	0.0005
TTCTCGGT	3	0	1	0.0004940711462450593	0.0005
TTCTGAAG	4	0	1	0.0006587615283267457	0.0005
TTCTGACA	10	0	1	0.0016469038208168643	0.0005
TTCTGATC	2	0	1	0.00032938076416337287	0.0005
TTCTGTGC	7	0	1	0.001152832674571805	0.0005
TTCTTATT	4	0	1	0.0006587615283267457	0.0005
TTCTTGGG	2	0	1	0.00032938076416337287	0.0005
TTCTTTAT	3	0	1	0.0004940711462450593	0.0005
TTCTTTTC	7	0	1	0.001152832674571805	0.0005
TTGAACAG	4	0	1	0.0006587615283267457	0.0005
TTGAGAAC	3	0	1	0.0004940711462450593	0.0005
TTGAGACT	5	0	1	0.0008234519104084321	0.0005
TTGAGCCC	2	0	1	0.00032938076416337287	0.0005
TTGATTAA	3	0	1	0.0004940711462450593	0.0005
TTGATTGA	4	0	1	0.0006587615283267457	0.0005
TTGCAGAG	5	0	1	0.0008234519104084321	0.0005
TTGCATAC	1	0	1	0.00016469038208168644	0.0005
TTGCCATG	2	0	1	0.00032938076416337287	0.0005
TTGCCGGT	3	0	1	0.0004940711462450593	0.0005
TTGCCTGT	1	0	1	0.00016469038208168644	0.0005
TTGCGAGC	7	0	1	0.001152832674571805	0.0005
TTGCGGTG	4	0	1	0.0006587615283267457	0.0005
TTGCGGTT	2	0	1	0.00032938076416337287	0.0005
TTGCTCAA	4	0	1	0.0006587615283267457	0.0005
TTGCTGAC	3	0	1	0.0004940711462450593	0.0005
TTGCTGTG	13	0	1	0.0021409749670619235	0.0005
TTGCTTCT	1	0	1	0.00016469038208168644	0.0005
TTGGATAT	2	0	1	0.00032938076416337287	0.0005
TTGGATCC	4	0	1	0.0006587615283267457	0.0005
TTGGCTCA	4	0	1	0.0006587615283267457	0.0005
TTGGTTGA	3	0	1	0.0004940711462450593	0.0005
TTGGTTTG	3	0	1	0.0004940711462450593	0.0005
TTGTAGCC	2	0	1	0.00032938076416337287	0.0005
TTGTCAGC	1	0	1	0.00016469038208168644	0.0005
TTGTCGGG	1	0	1	0.00016469038208168644	0.0005
TTGTCTTA	3	0	1	0.0004940711462450593	0.0005
TTGTGATC	2	0	1	0.00032938076416337287	0.0005
TTGTGGAG	3	0	1	0.0004940711462450593	0.0005
TTGTGGCA	2	0	1	0.00032938076416337287	0.0005
TTGTTAGC	2	0	1	0.00032938076416337287	0.0005
TTGTTGGA	7	0	1	0.001152832674571805	0.0005
TTGTTTAA	2	0	1	0.00032938076416337287	0.0005
TTGTTTCA	3	0	1	0.0004940711462450593	0.0005
TTGTTTCC	1	0	1	0.00016469038208168644	0.0005
TTTAACCT	1	0	1	0.00016469038208168644	0.0005
TTTAAGCG	1	0	1	0.00016469038208168644	0.0005
TTTACCGC	5	0	2	0.0008234519104084321	0.001
TTTACCGG	4	0	1	0.0006587615283267457	0.0005
TTTAGAAC	1	0	1	0.00016469038208168644	0.0005
TTTAGTTT	1	0	1	0.00016469038208168644	0.0005
TTTATGTG	1	0	1	0.00016469038208168644	0.0005
TTTCACGG	1	0	1	0.00016469038208168644	0.0005
TTTCACTG	1	0	1	0.00016469038208168644	0.0005
TTTCAGTT	3	0	1	0.0004940711462450593	0.0005
TTTCATTC	1	0	1	0.00016469038208168644	0.0005
TTTCCTGT	1	0	1	0.00016469038208168644	0.0005
TTTCTGCA	4	0	1	0.0006587615283267457	0.0005
TTTGACAC	5	0	1	0.0008234519104084321	0.0005
TTTGCCGG	3	0	1	0.0004940711462450593	0.0005
TTTGCGCA	8	0	1	0.0013175230566534915	0.0005
TTTGCTAG	6	0	1	0.0009881422924901185	0.0005
TTTGGCCT	2	0	1	0.00032938076416337287	0.0005
TTTGTGAT	1	0	1	0.00016469038208168644	0.0005
TTTGTGCA	2	0	1	0.00032938076416337287	0.0005
TTTGTGTA	3	0	1	0.0004940711462450593	0.0005
TTTTAAGG	1	0	1	0.00016469038208168644	0.0005
TTTTACTA	3	0	1	0.0004940711462450593	0.0005
TTTTATCA	5	0	1	0.0008234519104084321	0.0005
TTTTCGGG	2	0	1	0.00032938076416337287	0.0005
TTTTCTCG	7	0	1	0.001152832674571805	0.0005
TTTTGACG	5	0	1	0.0008234519104084321	0.0005
TTTTGATA	1	0	1	0.00016469038208168644	0.0005
TTTTGCAC	5	0	1	0.0008234519104084321	0.0005
TTTTGTGG	1	0	1	0.00016469038208168644	0.0005
TTTTTCTC	10	0	1	0.0016469038208168643	0.0005
TTTTTGCG	1	0	1	0.00016469038208168644	0.0005
TTTTTGCT	2	0	1	0.00032938076416337287	0.0005
TTTTTTTC	2	0	1	0.00032938076416337287	0.0005
TTTTTTTT	1	0	1	0.00016469038208168644	0.0005
