## htsjdk.samtools.metrics.StringHeader
# picard.analysis.CollectMultipleMetrics INPUT=alignment/A1/A1.sorted.dup.recal.bam REFERENCE_SEQUENCE=/hpf/tools/centos6/mugqic-pipelines/source/resource/genomes/species/Homo_sapiens.GRCh37/genome/Homo_sapiens.GRCh37.fa OUTPUT=alignment/A1/A1.sorted.dup.recal.all.metrics PROGRAM=[CollectAlignmentSummaryMetrics, CollectInsertSizeMetrics, QualityScoreDistribution, MeanQualityByCycle, CollectBaseDistributionByCycle, CollectAlignmentSummaryMetrics, CollectInsertSizeMetrics] TMP_DIR=[/localhd/5063600] VALIDATION_STRINGENCY=SILENT MAX_RECORDS_IN_RAM=1000000    ASSUME_SORTED=true STOP_AFTER=0 VERBOSITY=INFO QUIET=false COMPRESSION_LEVEL=5 CREATE_INDEX=false CREATE_MD5_FILE=false
## htsjdk.samtools.metrics.StringHeader
# Started on: Thu May 12 02:18:35 EDT 2016

## METRICS CLASS	picard.analysis.BaseDistributionByCycleMetrics
READ_END	CYCLE	PCT_A	PCT_C	PCT_G	PCT_T	PCT_N
1	1	21.983271	27.572319	27.761516	22.646155	0.036739
1	2	24.493994	25.238112	25.041983	25.225911	0
1	3	24.150175	25.84706	25.567412	24.435353	0
1	4	23.262712	26.759583	26.461088	23.516522	0.000095
1	5	23.774009	26.179116	26.031697	24.012556	0.002621
1	6	23.063391	26.787787	26.740827	23.407995	0
1	7	23.530735	26.430728	26.243764	23.794773	0
1	8	23.763662	26.20193	25.994057	24.040351	0
1	9	23.583168	26.405788	26.168044	23.843001	0
1	10	23.667623	26.317385	26.056722	23.958271	0
1	11	23.81226	26.177365	25.933021	24.077355	0
1	12	23.704759	26.303291	26.033854	23.958095	0
1	13	23.822036	26.175671	25.900267	24.102026	0
1	14	23.960157	26.035976	25.758572	24.245294	0
1	15	23.777719	26.249712	25.919923	24.052645	0
1	16	23.79234	26.224592	25.881785	24.101283	0
1	17	23.886839	26.147009	25.792057	24.174096	0
1	18	23.709759	26.322759	25.959275	24.008207	0
1	19	23.752842	26.278542	25.941615	24.027001	0
1	20	23.830009	26.207526	25.846336	24.116129	0
1	21	23.70385	26.333335	25.970256	23.992559	0
1	22	23.727904	26.291797	25.928965	24.051335	0
1	23	23.825357	26.205035	25.812135	24.157473	0
1	24	23.670552	26.372127	25.947745	24.009575	0
1	25	23.726388	26.311813	25.883422	24.078376	0
1	26	23.795374	26.247399	25.7905	24.166727	0
1	27	23.65453	26.390958	25.947486	24.007026	0
1	28	23.657029	26.391009	25.92019	24.031772	0
1	29	23.73697	26.314002	25.831731	24.117297	0
1	30	23.611017	26.429135	25.970726	23.989122	0
1	31	23.693229	26.366529	25.882648	24.057593	0
1	32	23.769693	26.28867	25.782827	24.15881	0
1	33	23.613876	26.438266	25.921052	24.026807	0
1	34	23.696999	26.360204	25.844108	24.098688	0
1	35	23.769266	26.275025	25.755148	24.200561	0
1	36	23.635867	26.425798	25.889209	24.049126	0
1	37	23.665035	26.394287	25.844098	24.096581	0
1	38	23.751328	26.310385	25.75421	24.184077	0
1	39	23.640588	26.432311	25.859845	24.067256	0
1	40	23.643002	26.427655	25.852636	24.076707	0
1	41	23.735633	26.336455	25.760036	24.167804	0.000072
1	42	23.616816	26.451351	25.868004	24.063829	0
1	43	23.642418	26.423214	25.835835	24.098523	0.00001
1	44	23.739177	26.338444	25.723245	24.199133	0
1	45	23.636714	26.446657	25.833363	24.083266	0
1	46	23.642969	26.41809	25.809365	24.129576	0
1	47	23.72137	26.349848	25.734537	24.194245	0
1	48	23.598926	26.467183	25.832427	24.101465	0
1	49	23.622308	26.467361	25.7977	24.11263	0
1	50	23.688583	26.393467	25.723177	24.194773	0
1	51	23.615202	26.479616	25.819229	24.085953	0
1	52	23.641066	26.447974	25.77764	24.133319	0
1	53	23.697365	26.377604	25.730338	24.194693	0
1	54	23.597393	26.500516	25.833496	24.068595	0
1	55	23.610672	26.476916	25.786722	24.12569	0
1	56	23.683919	26.406541	25.711396	24.198144	0
1	57	23.565968	26.525423	25.804555	24.104054	0
1	58	23.61385	26.488531	25.766037	24.131582	0
1	59	23.700439	26.394236	25.685246	24.220079	0
1	60	23.554021	26.539914	25.816228	24.089837	0
1	61	23.574964	26.509679	25.797933	24.117424	0
1	62	23.663092	26.415081	25.728171	24.193656	0
1	63	23.562796	26.525	25.815796	24.096408	0
1	64	23.58939	26.500367	25.782291	24.127952	0
1	65	23.661726	26.424844	25.693308	24.220121	0
1	66	23.57094	26.531672	25.806447	24.090941	0
1	67	23.579365	26.534962	25.789171	24.096502	0
1	68	23.653868	26.438849	25.695714	24.211544	0.000025
1	69	23.56584	26.524944	25.785119	24.124096	0
1	70	23.588467	26.513332	25.773904	24.124296	0
1	71	23.654026	26.435367	25.708105	24.202476	0.000025
1	72	23.554479	26.541316	25.793556	24.110647	0.000002
1	73	23.580314	26.503723	25.763821	24.152137	0.000004
1	74	23.664328	26.422334	25.67584	24.237233	0.000265
1	75	23.561667	26.543786	25.785986	24.108521	0.000039
1	76	23.582524	26.514085	25.758815	24.144575	0
1	77	23.647789	26.44741	25.698116	24.206664	0.000021
1	78	23.55093	26.545353	25.799714	24.104001	0.000002
1	79	23.550265	26.533808	25.771296	24.144632	0
1	80	23.60849	26.489732	25.703033	24.198745	0
1	81	23.524482	26.574849	25.803063	24.097606	0
1	82	23.556399	26.535235	25.772139	24.136227	0
1	83	23.644931	26.438538	25.685488	24.231043	0
1	84	23.54483	26.545619	25.796984	24.112567	0
1	85	23.576353	26.528293	25.751524	24.14383	0
1	86	23.654768	26.434143	25.684318	24.226771	0
1	87	23.560403	26.5412	25.777014	24.121383	0
1	88	23.564343	26.526827	25.750354	24.158475	0
1	89	23.606885	26.47377	25.710922	24.208423	0
1	90	23.495589	26.592843	25.823149	24.08842	0
1	91	23.523629	26.573445	25.809306	24.093619	0
1	92	23.587779	26.492381	25.745851	24.173988	0
1	93	23.502366	26.569651	25.830352	24.097631	0
1	94	23.537549	26.538541	25.786055	24.137855	0
1	95	23.62262	26.444434	25.717106	24.21584	0
1	96	23.529103	26.553822	25.809427	24.107648	0
1	97	23.550347	26.527019	25.773116	24.149519	0
1	98	23.602824	26.477503	25.713957	24.205717	0
1	99	23.521184	26.567518	25.802305	24.108993	0
1	100	23.529303	26.548308	25.809897	24.112493	0
1	101	23.572309	26.505576	25.765103	24.157012	0
1	102	23.493527	26.577782	25.851646	24.077046	0
1	103	23.524304	26.52931	25.812426	24.13396	0
1	104	23.578628	26.470966	25.755102	24.195303	0
1	105	23.503656	26.56463	25.844983	24.086731	0
1	106	23.52795	26.529659	25.817349	24.125042	0
1	107	23.591812	26.45388	25.742435	24.211873	0
1	108	23.524357	26.54774	25.815607	24.112297	0
1	109	23.521696	26.537441	25.789399	24.151463	0
1	110	23.564749	26.482834	25.777812	24.174605	0
1	111	23.476351	26.576749	25.865369	24.081531	0
1	112	23.484914	26.558186	25.853375	24.103524	0
1	113	23.556999	26.480301	25.792565	24.170078	0.000056
1	114	23.481716	26.553744	25.864238	24.095215	0.005088
1	115	23.508251	26.516803	25.834573	24.138402	0.001971
1	116	23.563248	26.468359	25.77283	24.195564	0
1	117	23.493584	26.538404	25.86158	24.106433	0
1	118	23.506389	26.520737	25.838155	24.134719	0
1	119	23.551509	26.453096	25.806888	24.188507	0
1	120	23.61325	26.382347	25.71348	24.290923	0
1	121	23.488632	26.530236	25.816244	24.164875	0.000015
1	122	23.654713	26.312048	25.624782	24.408177	0.00028
1	123	23.794669	26.219775	25.524294	24.461262	0
1	124	23.681991	26.293009	25.662718	24.362282	0
1	125	23.59148	26.394466	25.743372	24.270681	0
1	126	22.869191	27.25692	26.363905	23.509984	0
2	127	23.047633	26.957602	26.817702	23.132444	0.044619
2	128	25.154512	24.580099	24.51451	25.691958	0.058921
2	129	23.459113	26.025745	25.88348	24.55663	0.075033
2	130	22.995503	26.783955	26.313122	23.835493	0.071927
2	131	23.638464	26.141288	25.565863	24.576679	0.077706
2	132	22.785016	26.98962	26.578263	23.572033	0.075068
2	133	23.417678	26.2823	26.140746	24.097022	0.062254
2	134	23.640592	26.165038	25.864236	24.276973	0.053161
2	135	23.384349	26.383009	26.07704	24.112829	0.042772
2	136	23.463251	26.303788	25.963163	24.229543	0.040254
2	137	23.592126	26.22924	25.806893	24.325327	0.046414
2	138	23.510237	26.352709	25.907807	24.19105	0.038196
2	139	23.71095	26.143725	25.754136	24.354941	0.036248
2	140	23.846357	25.988554	25.631726	24.490835	0.042528
2	141	23.633646	26.204416	25.838475	24.270615	0.052849
2	142	23.681875	26.184804	25.802152	24.284536	0.046633
2	143	23.77439	26.094082	25.700202	24.39078	0.040546
2	144	23.564882	26.308356	25.883348	24.188971	0.054443
2	145	23.620915	26.268933	25.855802	24.19374	0.06061
2	146	23.693099	26.198559	25.752852	24.293093	0.062397
2	147	23.54182	26.364347	25.893232	24.138338	0.062263
2	148	23.589487	26.337223	25.836582	24.184166	0.052542
2	149	23.700068	26.2153	25.73432	24.292443	0.057869
2	150	23.524154	26.405088	25.915277	24.115873	0.039608
2	151	23.602259	26.329225	25.836582	24.197021	0.034913
2	152	23.678908	26.252435	25.750819	24.272422	0.045416
2	153	23.513694	26.409651	25.907203	24.111997	0.057455
2	154	23.563046	26.373827	25.884636	24.120839	0.057652
2	155	23.651826	26.296488	25.796746	24.199284	0.055656
2	156	23.500293	26.472825	25.905014	24.062759	0.059109
2	157	23.587926	26.380055	25.827462	24.135763	0.068795
2	158	23.682252	26.277884	25.719051	24.258584	0.062229
2	159	23.516951	26.457858	25.875317	24.091196	0.058679
2	160	23.608928	26.366622	25.795634	24.17222	0.056596
2	161	23.705469	26.280811	25.70172	24.260894	0.051105
2	162	23.549911	26.451346	25.838949	24.109504	0.05029
2	163	23.597919	26.38884	25.804705	24.16045	0.048087
2	164	23.682525	26.308306	25.705569	24.251431	0.052169
2	165	23.543435	26.461083	25.839131	24.108699	0.047652
2	166	23.581965	26.425338	25.817152	24.132342	0.043203
2	167	23.66743	26.331196	25.713386	24.238124	0.049863
2	168	23.523605	26.497814	25.833052	24.103748	0.04178
2	169	23.577443	26.442709	25.792288	24.161765	0.025795
2	170	23.669418	26.360498	25.682447	24.254476	0.033161
2	171	23.549775	26.474858	25.804893	24.139572	0.030902
2	172	23.578081	26.453717	25.771759	24.164286	0.032157
2	173	23.672772	26.349974	25.689875	24.248669	0.03871
2	174	23.53657	26.493344	25.825361	24.110523	0.034203
2	175	23.568895	26.471137	25.797603	24.121841	0.040524
2	176	23.655753	26.38426	25.695612	24.226619	0.037755
2	177	23.524698	26.507929	25.808176	24.126908	0.03229
2	178	23.557723	26.459471	25.772067	24.168281	0.042458
2	179	23.635176	26.397137	25.682571	24.226075	0.059041
2	180	23.495429	26.535386	25.808149	24.10173	0.059306
2	181	23.550526	26.491074	25.7658	24.142199	0.050402
2	182	23.615053	26.410611	25.699877	24.228493	0.045965
2	183	23.494224	26.555432	25.791405	24.112129	0.04681
2	184	23.545169	26.494971	25.771271	24.13722	0.051368
2	185	23.636655	26.397501	25.6783	24.238776	0.048768
2	186	23.480834	26.556728	25.809215	24.098221	0.055001
2	187	23.523	26.533043	25.784225	24.120956	0.038777
2	188	23.595507	26.455779	25.692677	24.224694	0.031343
2	189	23.480446	26.573443	25.802441	24.111587	0.032083
2	190	23.529273	26.527937	25.768053	24.142062	0.032674
2	191	23.615212	26.440703	25.669278	24.2355	0.039307
2	192	23.475772	26.571552	25.795936	24.103946	0.052794
2	193	23.515384	26.533989	25.786442	24.107947	0.056237
2	194	23.602034	26.440687	25.674077	24.220711	0.06249
2	195	23.498771	26.556081	25.777163	24.119803	0.048181
2	196	23.537936	26.516764	25.754856	24.149538	0.040907
2	197	23.595493	26.465433	25.684604	24.223247	0.031222
2	198	23.485626	26.580211	25.775799	24.118744	0.039621
2	199	23.551375	26.525629	25.738306	24.159625	0.025066
2	200	23.620097	26.437514	25.65424	24.255109	0.033041
2	201	23.499626	26.575052	25.785057	24.121292	0.018974
2	202	23.541848	26.521615	25.749224	24.169782	0.017531
2	203	23.605635	26.461833	25.684987	24.222007	0.025537
2	204	23.497776	26.569772	25.787022	24.122572	0.022858
2	205	23.530686	26.53079	25.771559	24.136742	0.030222
2	206	23.594403	26.470838	25.705478	24.210391	0.01889
2	207	23.477393	26.598238	25.807496	24.090209	0.026663
2	208	23.531669	26.543174	25.762054	24.125257	0.037845
2	209	23.611007	26.449684	25.674679	24.224874	0.039755
2	210	23.497936	26.576471	25.787267	24.102902	0.035425
2	211	23.54353	26.534646	25.758865	24.136176	0.026782
2	212	23.625534	26.43796	25.673726	24.238383	0.024399
2	213	23.511142	26.566661	25.801428	24.110905	0.009864
2	214	23.551695	26.533304	25.774517	24.126562	0.013922
2	215	23.607004	26.47281	25.717166	24.190102	0.012918
2	216	23.466929	26.606704	25.834821	24.069894	0.021652
2	217	23.498199	26.591211	25.821787	24.085039	0.003764
2	218	23.577263	26.509593	25.744474	24.16867	0
2	219	23.484059	26.604996	25.830449	24.0705	0.009997
2	220	23.515645	26.558952	25.797511	24.107648	0.020244
2	221	23.608077	26.479755	25.709197	24.184313	0.018657
2	222	23.502819	26.573518	25.820683	24.08519	0.01779
2	223	23.540928	26.543756	25.798925	24.098023	0.018369
2	224	23.594216	26.461261	25.738332	24.184835	0.021356
2	225	23.488833	26.57627	25.836842	24.076676	0.021379
2	226	23.51079	26.564736	25.825619	24.077658	0.021197
2	227	23.562839	26.506737	25.784837	24.132997	0.012591
2	228	23.486749	26.60274	25.865777	24.032514	0.012219
2	229	23.534147	26.551342	25.822204	24.082765	0.009542
2	230	23.59059	26.496814	25.766733	24.139243	0.00662
2	231	23.491401	26.603689	25.85589	24.047123	0.001898
2	232	23.51687	26.55036	25.85024	24.079002	0.003529
2	233	23.597081	26.461479	25.770756	24.166961	0.003723
2	234	23.504321	26.567336	25.870061	24.053988	0.004295
2	235	23.521892	26.543642	25.855127	24.074521	0.004818
2	236	23.587728	26.477587	25.810195	24.120096	0.004394
2	237	23.479073	26.593346	25.909849	24.017477	0.000254
2	238	23.503784	26.568305	25.880237	24.047566	0.000108
2	239	23.565662	26.474948	25.836015	24.11966	0.003715
2	240	23.486931	26.584245	25.902265	24.022091	0.004468
2	241	23.526965	26.538515	25.886019	24.038353	0.010148
2	242	23.598674	26.460241	25.816687	24.113746	0.010653
2	243	23.497729	26.553158	25.917879	24.021365	0.009869
2	244	23.536895	26.525625	25.884958	24.048493	0.004029
2	245	23.583342	26.47147	25.847647	24.091476	0.006066
2	246	23.692157	26.402397	25.756229	24.143136	0.006081
2	247	23.574331	26.48454	25.922485	24.017135	0.001508
2	248	23.826694	26.253841	25.70268	24.216087	0.000697
2	249	23.895062	26.15638	25.61195	24.335647	0.000961
2	250	23.794579	26.294981	25.674553	24.235888	0
2	251	23.711415	26.351205	25.765043	24.172337	0
2	252	22.613885	27.38896	26.551422	23.445733	0


