##FastQC	0.11.9
>>Basic Statistics	pass
#Measure	Value
Filename	f759aea1_barcode23
File type	Conventional base calls
Encoding	Sanger / Illumina 1.9
Total Sequences	2000
Sequences flagged as poor quality	0
Sequence length	104-3747
%GC	40
>>END_MODULE
>>Per base sequence quality	pass
#Base	Mean	Median	Lower Quartile	Upper Quartile	10th Percentile	90th Percentile
1	23.2525	25.0	19.0	29.0	9.0	33.0
2	23.7985	26.0	18.0	31.0	8.0	35.0
3	23.1645	25.0	17.0	30.0	8.0	34.0
4	22.503	24.0	16.0	29.0	8.0	33.0
5	22.9615	25.0	17.0	30.0	8.0	34.0
6	22.8965	25.0	16.0	30.0	8.0	34.0
7	22.8895	24.0	16.0	30.0	8.0	34.0
8	22.9755	25.0	16.0	30.0	7.0	34.0
9	22.9795	25.0	17.0	30.0	7.0	34.0
10-99	22.991866666666663	24.744444444444444	16.666666666666668	29.92222222222222	7.933333333333334	33.93333333333333
100-199	22.647384002839882	24.24	16.04	29.83	7.43	33.86
200-299	22.38554444700218	24.05	15.6	29.58	7.15	33.68
300-399	22.254921646736864	23.94	15.21	29.73	6.83	33.74
400-499	20.482885323062536	22.25	11.59	28.46	4.99	32.91
500-599	20.622365277853746	22.41	11.75	28.61	4.99	32.8
600-699	21.015559810813606	22.7	12.93	28.7	5.6	32.89
700-799	21.16085522387235	22.95	13.02	28.68	5.7	32.85
800-899	21.496538523597245	23.29	13.72	28.88	6.01	33.09
900-999	20.703811416751932	22.47	11.87	28.59	5.11	32.88
1000-1099	18.903892731875256	19.98	8.58	27.57	4.18	31.82
1100-1199	18.43033628465536	19.08	7.76	27.17	3.76	31.77
1200-1299	18.32457255215738	19.644736842105264	7.7631578947368425	27.223684210526315	3.6184210526315788	31.56578947368421
1300-1399	18.180485150732274	NaN	NaN	NaN	NaN	NaN
1400-1499	17.3195251558847	NaN	NaN	NaN	NaN	NaN
1500-1599	17.643600941061496	NaN	NaN	NaN	NaN	NaN
1600-1699	17.09176144806929	NaN	NaN	NaN	NaN	NaN
1700-1799	17.204147469825177	NaN	NaN	NaN	NaN	NaN
1800-1899	16.240622807017544	NaN	NaN	NaN	NaN	NaN
1900-1999	15.928593137254898	NaN	NaN	NaN	NaN	NaN
2000-2099	16.52290476190476	NaN	NaN	NaN	NaN	NaN
2100-2199	18.31511155511155	NaN	NaN	NaN	NaN	NaN
2200-2299	18.590272727272726	NaN	NaN	NaN	NaN	NaN
2300-2399	19.09336111111111	NaN	NaN	NaN	NaN	NaN
2400-2499	19.677321428571428	NaN	NaN	NaN	NaN	NaN
2500-2599	20.981000000000005	NaN	NaN	NaN	NaN	NaN
2600-2699	22.3725	NaN	NaN	NaN	NaN	NaN
2700-2799	22.2975	NaN	NaN	NaN	NaN	NaN
2800-2899	20.825	NaN	NaN	NaN	NaN	NaN
2900-2999	17.05500000000001	NaN	NaN	NaN	NaN	NaN
3000-3099	22.256666666666664	NaN	NaN	NaN	NaN	NaN
3100-3199	25.08	NaN	NaN	NaN	NaN	NaN
3200-3299	20.379999999999995	NaN	NaN	NaN	NaN	NaN
3300-3399	20.123333333333342	NaN	NaN	NaN	NaN	NaN
3400-3499	18.483333333333334	NaN	NaN	NaN	NaN	NaN
3500-3599	20.71	NaN	NaN	NaN	NaN	NaN
3600-3699	25.2	NaN	NaN	NaN	NaN	NaN
3700-3747	22.364583333333332	NaN	NaN	NaN	NaN	NaN
>>END_MODULE
>>Per sequence quality scores	pass
#Quality	Count
10	1.0
11	1.0
12	11.0
13	24.0
14	37.0
15	51.0
16	62.0
17	97.0
18	108.0
19	123.0
20	150.0
21	175.0
22	242.0
23	245.0
24	237.0
25	176.0
26	132.0
27	74.0
28	39.0
29	12.0
30	3.0
>>END_MODULE
>>Per base sequence content	pass
#Base	G	A	T	C
1	0.0	0.1	22.8	77.10000000000001
2	3.9	11.1	77.2	7.8
3	18.85	31.75	23.849999999999998	25.55
4	28.599999999999998	22.7	21.3	27.400000000000002
5	19.3	25.7	30.75	24.25
6	23.35	25.75	27.250000000000004	23.65
7	20.4	28.65	32.5	18.45
8	19.7	29.75	30.599999999999998	19.950000000000003
9	22.85	28.299999999999997	31.45	17.4
10-99	19.517222222222223	29.567222222222224	30.525000000000002	20.390555555555558
100-199	19.96354239698724	29.645840427876045	30.405039963141768	19.98557721199495
200-299	20.125967521626954	30.405726716244246	29.73541761521728	19.73288814691152
300-399	20.488328082795647	30.56767578070161	29.353594231708758	19.590401904793993
400-499	21.325444457026386	29.236496433020044	28.600951194655195	20.837107915298382
500-599	20.08489397362093	30.37783283538585	28.8348028856664	20.702470305326823
600-699	20.37058113860372	30.126789738453486	29.466663631604106	20.03596549133869
700-799	20.034604973069516	30.315630843077614	29.64585717076438	20.003907013088494
800-899	19.743980493751906	30.295641572691252	30.408412069491007	19.551965864065835
900-999	20.61968838526912	31.437677053824366	29.03328611898017	18.909348441926348
1000-1099	20.431713277219657	30.070594623947866	29.710833559598154	19.78685853923432
1100-1199	20.30156614461846	30.173275574808393	29.348550483172275	20.176607797400866
1200-1299	20.282651072124757	29.502923976608187	29.922027290448344	20.292397660818715
1300-1399	20.072312917716665	29.94412183630985	30.00986085241591	19.973704393557576
1400-1499	20.035105315947842	30.85506519558676	29.212637913741226	19.89719157472417
1500-1599	19.65105601469238	30.82338536883991	29.797979797979796	19.72757881848791
1600-1699	20.956607495069033	29.561143984220905	28.846153846153843	20.63609467455621
1700-1799	22.172497965825873	28.356387306753454	27.583401139137507	21.887713588283155
1800-1899	23.097392229909527	28.31293241085684	26.343799893560405	22.245875465673233
1900-1999	20.994475138121548	29.46593001841621	27.624309392265197	21.915285451197054
2000-2099	17.872340425531917	33.90070921985816	29.645390070921984	18.581560283687942
2100-2199	19.032258064516128	33.79032258064516	29.03225806451613	18.14516129032258
2200-2299	17.975402081362347	35.47776726584674	28.098391674550616	18.448438978240304
2300-2399	18.312985571587127	31.74250832408435	29.966703662597116	19.97780244173141
2400-2499	19.576719576719576	32.53968253968254	30.555555555555557	17.32804232804233
2500-2599	18.03921568627451	31.960784313725487	30.58823529411765	19.411764705882355
2600-2699	18.75	28.249999999999996	34.25	18.75
2700-2799	21.5	29.25	30.25	19.0
2800-2899	17.25	32.5	34.0	16.25
2900-2999	20.175438596491226	29.239766081871345	32.45614035087719	18.128654970760234
3000-3099	16.666666666666664	28.999999999999996	34.0	20.333333333333332
3100-3199	16.0	28.333333333333332	35.0	20.666666666666668
3200-3299	22.333333333333332	25.333333333333336	32.666666666666664	19.666666666666664
3300-3399	18.666666666666668	30.333333333333336	33.0	18.0
3400-3499	19.333333333333332	32.33333333333333	30.0	18.333333333333332
3500-3599	17.15686274509804	28.921568627450984	29.411764705882355	24.509803921568626
3600-3699	14.499999999999998	35.5	28.999999999999996	21.0
3700-3747	25.49019607843137	27.450980392156865	35.294117647058826	11.76470588235294
>>END_MODULE
>>Per base N content	pass
#Base	N-Count
1	0.0
2	0.0
3	0.0
4	0.0
5	0.0
6	0.0
7	0.0
8	0.0
9	0.0
10-99	0.0
100-199	0.0
200-299	0.0
300-399	0.0
400-499	0.0
500-599	0.0
600-699	0.0
700-799	0.0
800-899	0.0
900-999	0.0
1000-1099	0.0
1100-1199	0.0
1200-1299	0.0
1300-1399	0.0
1400-1499	0.0
1500-1599	0.0
1600-1699	0.0
1700-1799	0.0
1800-1899	0.0
1900-1999	0.0
2000-2099	0.0
2100-2199	0.0
2200-2299	0.0
2300-2399	0.0
2400-2499	0.0
2500-2599	0.0
2600-2699	0.0
2700-2799	0.0
2800-2899	0.0
2900-2999	0.0
3000-3099	0.0
3100-3199	0.0
3200-3299	0.0
3300-3399	0.0
3400-3499	0.0
3500-3599	0.0
3600-3699	0.0
3700-3747	0.0
>>END_MODULE
>>Sequence Length Distribution	pass
#Length	Count
100-199	7.0
200-299	46.0
300-399	937.0
400-499	402.0
500-599	112.0
600-699	112.0
700-799	45.0
800-899	22.0
900-999	120.0
1000-1099	70.0
1100-1199	17.0
1200-1299	15.0
1300-1399	9.0
1400-1499	12.0
1500-1599	22.0
1600-1699	20.0
1700-1799	12.0
1800-1899	2.0
1900-1999	3.0
2000-2099	1.0
2100-2199	3.0
2200-2299	1.0
2300-2399	2.0
2400-2499	2.0
2500-2599	2.0
2600-2699	0.0
2700-2799	0.0
2800-2899	0.0
2900-2999	1.0
3000-3099	0.0
3100-3199	0.0
3200-3299	0.0
3300-3399	0.0
3400-3499	0.0
3500-3599	1.0
3600-3699	0.0
3700-3748	2.0
>>END_MODULE
>>Adapter Content	pass
#Position	Illumina Universal Adapter	Illumina Small RNA 3' Adapter	Illumina Small RNA 5' Adapter	Nextera Transposase Sequence	SOLID Small RNA Adapter
1	0.0	0.0	0.0	0.0	0.0
2	0.0	0.0	0.0	0.0	0.0
3	0.0	0.0	0.0	0.0	0.0
4	0.0	0.0	0.0	0.0	0.0
5	0.0	0.0	0.0	0.0	0.0
6	0.0	0.0	0.0	0.0	0.0
7	0.0	0.0	0.0	0.0	0.0
8	0.0	0.0	0.0	0.0	0.0
9	0.0	0.0	0.0	0.0	0.0
10-99	0.0	0.0	0.0	0.0	0.0
100-199	0.0	0.0	0.0	0.0	0.0
200-299	0.0	0.0	0.0	0.0	0.0
300-399	0.0	0.0	0.0	0.0	0.0
400-499	0.0	0.0	0.0	0.0	0.0
500-599	0.0	0.0	0.0	0.0	0.0
600-699	0.0	0.0	0.0	0.0	0.0
700-799	0.0	0.0	0.0	0.0	0.0
800-899	0.0	0.0	0.0	0.0	0.0
900-999	0.0	0.0	0.0	0.0	0.0
1000-1099	0.0	0.0	0.0	0.0	0.0
1100-1199	0.0	0.0	0.0	0.0	0.0
1200-1299	0.0	0.0	0.0	0.0	0.0
1300-1399	0.0	0.0	0.0	0.0	0.0
1400-1499	0.0	0.0	0.0	0.0	0.0
1500-1599	0.0	0.0	0.0	0.0	0.0
1600-1699	0.0	0.0	0.0	0.0	0.0
1700-1799	0.0	0.0	0.0	0.0	0.0
1800-1899	0.0	0.0	0.0	0.0	0.0
1900-1999	0.0	0.0	0.0	0.0	0.0
2000-2099	0.0	0.0	0.0	0.0	0.0
2100-2199	0.0	0.0	0.0	0.0	0.0
2200-2299	0.0	0.0	0.0	0.0	0.0
2300-2399	0.0	0.0	0.0	0.0	0.0
2400-2499	0.0	0.0	0.0	0.0	0.0
2500-2599	0.0	0.0	0.0	0.0	0.0
2600-2699	0.0	0.0	0.0	0.0	0.0
2700-2799	0.0	0.0	0.0	0.0	0.0
2800-2899	0.0	0.0	0.0	0.0	0.0
2900-2999	0.0	0.0	0.0	0.0	0.0
3000-3099	0.0	0.0	0.0	0.0	0.0
3100-3199	0.0	0.0	0.0	0.0	0.0
3200-3299	0.0	0.0	0.0	0.0	0.0
3300-3399	0.0	0.0	0.0	0.0	0.0
3400-3499	0.0	0.0	0.0	0.0	0.0
3500-3599	0.0	0.0	0.0	0.0	0.0
3600-3699	0.0	0.0	0.0	0.0	0.0
3700-3736	0.0	0.0	0.0	0.0	0.0
>>END_MODULE
