#Pos	A	C	G	T	N
0	0.57731	0.08703	0.23208	0.10332	0.00026
1	0.30392	0.14502	0.18655	0.36450	0.00000
2	0.27281	0.10944	0.17958	0.30454	0.13363
3	0.31035	0.15855	0.18496	0.34597	0.00016
4	0.36021	0.16126	0.19286	0.28548	0.00020
5	0.35336	0.19498	0.19364	0.25752	0.00051
6	0.32274	0.16681	0.18809	0.32180	0.00056
7	0.32279	0.19570	0.17059	0.31015	0.00077
8	0.30589	0.19136	0.18837	0.31375	0.00063
9	0.32241	0.18076	0.19538	0.30063	0.00082
10	0.32219	0.17383	0.18972	0.31343	0.00082
11	0.31335	0.17288	0.18922	0.32400	0.00055
12	0.30997	0.17372	0.19121	0.32458	0.00052
13	0.30786	0.17805	0.19469	0.31897	0.00043
14	0.30853	0.17881	0.19985	0.31241	0.00040
15	0.31307	0.17688	0.20030	0.30933	0.00041
16	0.31297	0.17643	0.20220	0.30805	0.00036
17	0.30994	0.17810	0.20425	0.30732	0.00039
18	0.31138	0.17916	0.20552	0.30354	0.00040
19	0.31239	0.17740	0.20477	0.30484	0.00060
20	0.31293	0.17502	0.20702	0.30057	0.00446
21	0.31295	0.17675	0.20467	0.30475	0.00088
22	0.31209	0.17667	0.20608	0.30499	0.00017
23	0.31182	0.17842	0.20822	0.30140	0.00015
24	0.31210	0.17956	0.20701	0.30115	0.00018
25	0.31328	0.17737	0.20813	0.30102	0.00021
26	0.31252	0.17800	0.20836	0.30089	0.00022
27	0.31106	0.17693	0.20818	0.30365	0.00019
28	0.31096	0.17871	0.20865	0.30155	0.00013
29	0.30985	0.18073	0.20794	0.30139	0.00009
30	0.31399	0.17833	0.20966	0.29795	0.00007
31	0.31107	0.17778	0.20862	0.30244	0.00009
32	0.31010	0.17847	0.20630	0.30505	0.00007
33	0.31023	0.17893	0.20902	0.30173	0.00008
34	0.30960	0.17966	0.20901	0.30162	0.00011
35	0.31392	0.17759	0.20953	0.29886	0.00009
36	0.31172	0.17744	0.21039	0.30035	0.00010
37	0.31101	0.17803	0.21024	0.30063	0.00010
38	0.31000	0.17986	0.21193	0.29809	0.00012
39	0.31194	0.17981	0.21124	0.29691	0.00010
40	0.31375	0.17848	0.21199	0.29570	0.00009
41	0.31052	0.17887	0.20894	0.30156	0.00012
42	0.31170	0.17834	0.20993	0.29994	0.00010
43	0.30601	0.18029	0.21031	0.29821	0.00518
44	0.31231	0.17931	0.21193	0.29637	0.00008
45	0.31259	0.17814	0.21167	0.29758	0.00001
46	0.31106	0.17713	0.21226	0.29954	0.00001
47	0.30951	0.17850	0.21134	0.29914	0.00151
48	0.30851	0.17934	0.21652	0.29520	0.00044
49	0.31218	0.18151	0.21216	0.29415	0.00000
50	0.31209	0.18049	0.21086	0.29656	0.00000
51	0.31085	0.17950	0.21045	0.29919	0.00000
52	0.30869	0.18124	0.21083	0.29916	0.00008
53	0.30917	0.18304	0.21175	0.29601	0.00002
54	0.31036	0.18363	0.21218	0.29374	0.00008
55	0.31230	0.18113	0.21107	0.29550	0.00001
56	0.30960	0.18235	0.21153	0.29650	0.00002
57	0.30910	0.18287	0.21036	0.29766	0.00000
58	0.30854	0.18433	0.21272	0.29440	0.00000
59	0.30843	0.18469	0.21270	0.29418	0.00000
60	0.31064	0.18283	0.21310	0.29343	0.00001
61	0.30888	0.18344	0.21089	0.29678	0.00000
62	0.30935	0.18263	0.21260	0.29542	0.00000
63	0.30922	0.18533	0.21405	0.29140	0.00000
64	0.30963	0.18537	0.21190	0.29310	0.00000
65	0.31121	0.18290	0.21309	0.29279	0.00001
66	0.30883	0.18307	0.21290	0.29520	0.00001
67	0.31025	0.18277	0.21291	0.29407	0.00001
68	0.30903	0.18505	0.21440	0.29151	0.00000
69	0.30897	0.18391	0.21584	0.29128	0.00000
70	0.31181	0.18377	0.21422	0.29019	0.00000
71	0.30901	0.18361	0.21364	0.29374	0.00001
72	0.30955	0.18426	0.21354	0.29265	0.00000
73	0.30848	0.18647	0.21389	0.29116	0.00000
74	0.30791	0.18574	0.21494	0.29141	0.00000
75	0.31121	0.18227	0.21418	0.29234	0.00000
76	0.30738	0.18199	0.21426	0.29637	0.00000
77	0.30915	0.18166	0.21539	0.29379	0.00000
78	0.30663	0.18398	0.21717	0.29222	0.00000
79	0.30822	0.18462	0.21598	0.29118	0.00000
80	0.30892	0.18486	0.21544	0.29078	0.00000
81	0.30744	0.18365	0.21546	0.29345	0.00000
82	0.30633	0.18426	0.21585	0.29356	0.00000
83	0.30471	0.18663	0.21560	0.29306	0.00000
84	0.30787	0.18566	0.21611	0.29035	0.00000
85	0.30820	0.18414	0.21510	0.29257	0.00000
86	0.30656	0.18389	0.21582	0.29372	0.00000
87	0.30450	0.18473	0.21601	0.29477	0.00000
88	0.30613	0.18736	0.21620	0.29030	0.00000
89	0.30586	0.18808	0.21608	0.28997	0.00000
90	0.30741	0.18624	0.21601	0.29034	0.00000
91	0.30677	0.18623	0.21590	0.29109	0.00000
92	0.30491	0.18601	0.21585	0.29323	0.00000
93	0.30654	0.18875	0.21682	0.28789	0.00000
94	0.30630	0.18793	0.21630	0.28947	0.00000
95	0.30942	0.18497	0.21721	0.28840	0.00000
96	0.30607	0.18505	0.21787	0.29101	0.00000
97	0.30590	0.18601	0.21750	0.29058	0.00000
98	0.30537	0.18768	0.21949	0.28747	0.00000
99	0.30577	0.18923	0.21737	0.28763	0.00000
100	0.31887	0.17571	0.22791	0.27751	0.00000
101	0.57523	0.08483	0.23467	0.10527	0.00000
102	0.30691	0.14567	0.18584	0.36063	0.00095
103	0.31763	0.12873	0.19150	0.36121	0.00092
104	0.30693	0.16615	0.17879	0.34743	0.00070
105	0.36249	0.16666	0.17920	0.29104	0.00061
106	0.35409	0.20513	0.17791	0.26214	0.00073
107	0.32276	0.17375	0.17215	0.33074	0.00060
108	0.32210	0.20527	0.15505	0.31695	0.00063
109	0.30607	0.20130	0.16808	0.32385	0.00071
110	0.32234	0.19076	0.17762	0.30856	0.00072
111	0.32362	0.18354	0.16836	0.32379	0.00070
112	0.31422	0.18280	0.16718	0.33514	0.00065
113	0.31003	0.18409	0.16852	0.33666	0.00069
114	0.30744	0.18921	0.17069	0.33191	0.00075
115	0.30827	0.19053	0.17516	0.32531	0.00074
116	0.31283	0.18956	0.17456	0.32231	0.00074
117	0.31306	0.18944	0.17563	0.32127	0.00060
118	0.31058	0.19154	0.17549	0.32200	0.00039
119	0.31111	0.19273	0.17803	0.31813	0.00001
120	0.31180	0.19049	0.17761	0.32006	0.00003
121	0.31407	0.19016	0.17738	0.31825	0.00013
122	0.31213	0.19042	0.17703	0.32020	0.00021
123	0.31224	0.18994	0.17650	0.32125	0.00007
124	0.31127	0.19188	0.17937	0.31711	0.00038
125	0.31290	0.19108	0.17903	0.31654	0.00044
126	0.31365	0.19007	0.18008	0.31577	0.00042
127	0.31360	0.19006	0.17980	0.31595	0.00059
128	0.31178	0.18964	0.17981	0.31816	0.00061
129	0.31223	0.19103	0.18052	0.31572	0.00050
130	0.31115	0.19182	0.18051	0.31605	0.00048
131	0.31532	0.19072	0.17969	0.31396	0.00031
132	0.31229	0.19028	0.17971	0.31737	0.00034
133	0.31157	0.19064	0.17864	0.31887	0.00029
134	0.31139	0.19071	0.18085	0.31688	0.00017
135	0.31115	0.19119	0.18087	0.31656	0.00023
136	0.31504	0.18971	0.18078	0.31426	0.00021
137	0.31272	0.18962	0.18049	0.31675	0.00041
138	0.31182	0.19025	0.18084	0.31682	0.00027
139	0.31162	0.19124	0.18234	0.31432	0.00048
140	0.31347	0.19108	0.18175	0.31365	0.00005
141	0.31446	0.18962	0.18430	0.31122	0.00040
142	0.31261	0.19010	0.17976	0.31709	0.00043
143	0.31416	0.18947	0.18072	0.31531	0.00033
144	0.31027	0.19185	0.18162	0.31588	0.00039
145	0.31414	0.19060	0.18161	0.31338	0.00027
146	0.31383	0.18985	0.18152	0.31446	0.00034
147	0.31437	0.18897	0.18059	0.31594	0.00012
148	0.31253	0.19058	0.18079	0.31595	0.00014
149	0.31300	0.19032	0.18271	0.31395	0.00003
150	0.31487	0.19060	0.18291	0.31158	0.00005
151	0.31480	0.18976	0.18115	0.31427	0.00002
152	0.31371	0.18942	0.18092	0.31592	0.00003
153	0.31284	0.19045	0.18125	0.31541	0.00005
154	0.31286	0.19108	0.18227	0.31360	0.00019
155	0.31462	0.19092	0.18219	0.31207	0.00021
156	0.31487	0.19021	0.18120	0.31352	0.00021
157	0.31408	0.19037	0.18170	0.31374	0.00011
158	0.31301	0.19068	0.18051	0.31579	0.00002
159	0.31270	0.19139	0.18281	0.31308	0.00003
160	0.31249	0.19166	0.18232	0.31352	0.00001
161	0.31572	0.19008	0.18199	0.31218	0.00002
162	0.31320	0.18997	0.18120	0.31559	0.00004
163	0.31409	0.18985	0.18209	0.31394	0.00003
164	0.31392	0.19134	0.18244	0.31228	0.00002
165	0.31431	0.19098	0.18202	0.31266	0.00003
166	0.31537	0.18993	0.18186	0.31282	0.00002
167	0.31409	0.18955	0.18143	0.31491	0.00002
168	0.31422	0.18956	0.18175	0.31444	0.00003
169	0.31417	0.19022	0.18352	0.31206	0.00003
170	0.31416	0.18908	0.18425	0.31249	0.00003
171	0.31707	0.18921	0.18272	0.31098	0.00003
172	0.31510	0.18908	0.18156	0.31423	0.00003
173	0.31611	0.18877	0.18203	0.31304	0.00004
174	0.31415	0.18997	0.18338	0.31246	0.00004
175	0.31433	0.19001	0.18251	0.31309	0.00006
176	0.31742	0.18867	0.18289	0.31096	0.00006
177	0.31565	0.18840	0.18159	0.31431	0.00004
178	0.31598	0.18799	0.18301	0.31297	0.00005
179	0.31494	0.18927	0.18348	0.31226	0.00005
180	0.31630	0.18950	0.18310	0.31105	0.00006
181	0.31751	0.18895	0.18225	0.31123	0.00006
182	0.31590	0.18852	0.18226	0.31326	0.00007
183	0.31667	0.18832	0.18222	0.31274	0.00006
184	0.31345	0.18997	0.18299	0.31354	0.00006
185	0.31769	0.18899	0.18246	0.31080	0.00005
186	0.31629	0.18792	0.18179	0.31400	0.00000
187	0.31696	0.18719	0.18235	0.31350	0.00000
188	0.31438	0.18861	0.18158	0.31544	0.00000
189	0.31682	0.18915	0.18176	0.31227	0.00000
190	0.31559	0.18955	0.18169	0.31317	0.00000
191	0.31841	0.18758	0.18069	0.31331	0.00001
192	0.31763	0.18716	0.18077	0.31445	0.00000
193	0.31583	0.18812	0.18042	0.31564	0.00000
194	0.31729	0.18876	0.18087	0.31307	0.00000
195	0.31695	0.18801	0.18126	0.31378	0.00000
196	0.31964	0.18730	0.17881	0.31424	0.00000
197	0.31872	0.18759	0.17769	0.31600	0.00000
198	0.31709	0.18732	0.17789	0.31770	0.00000
199	0.31914	0.18839	0.17849	0.31398	0.00000
200	0.31869	0.18601	0.17852	0.31677	0.00000
201	0.32649	0.18411	0.18336	0.30604	0.00000
