	CEG42-110-1a.cutB_pe.sorted.mrgd.barcoded.covgaps	CEG42-110-1b.cutB_pe.sorted.mrgd.barcoded.covgaps	CEG42-110-2a.cutB_pe.sorted.mrgd.barcoded.covgaps	CEG42-110-2b.cutB_pe.sorted.mrgd.barcoded.covgaps	CEG42-110-3a.cutB_pe.sorted.mrgd.barcoded.covgaps	CEG42-110-3b.cutB_pe.sorted.mrgd.barcoded.covgaps	CEG42-110-4a.cutB_pe.sorted.mrgd.barcoded.covgaps	CEG42-110-4b.cutB_pe.sorted.mrgd.barcoded.covgaps	CEG42-110-5a.cutB_pe.sorted.mrgd.barcoded.covgaps	CEG42-110-5b.cutB_pe.sorted.mrgd.barcoded.covgaps	CEG42-110-6a.cutB_pe.sorted.mrgd.barcoded.covgaps	CEG42-110-6b.cutB_pe.sorted.mrgd.barcoded.covgaps	CEG42-110-7a.cutB_pe.sorted.mrgd.barcoded.covgaps	CEG42-110-7b.cutB_pe.sorted.mrgd.barcoded.covgaps
CEG42-110-1a.cutB_pe.sorted.mrgd.barcoded.covgaps	1.0	0.824364	0.813592	0.801501	0.827588	0.822242	0.822009	0.821945	0.81952	0.795998	0.785024	0.808966	0.826202	0.806612
CEG42-110-1b.cutB_pe.sorted.mrgd.barcoded.covgaps	0.824364	1.0	0.836768	0.823496	0.819667	0.810006	0.811536	0.827416	0.839518	0.810192	0.818325	0.819482	0.814748	0.828989
CEG42-110-2a.cutB_pe.sorted.mrgd.barcoded.covgaps	0.813592	0.836768	1.0	0.809231	0.810465	0.808123	0.805928	0.812583	0.826239	0.81044	0.822189	0.814768	0.818307	0.821735
CEG42-110-2b.cutB_pe.sorted.mrgd.barcoded.covgaps	0.801501	0.823496	0.809231	1.0	0.789601	0.781473	0.791576	0.79814	0.810401	0.800132	0.811748	0.817353	0.792279	0.808909
CEG42-110-3a.cutB_pe.sorted.mrgd.barcoded.covgaps	0.827588	0.819667	0.810465	0.789601	1.0	0.810698	0.815412	0.823568	0.826408	0.797316	0.801726	0.81478	0.809401	0.823089
CEG42-110-3b.cutB_pe.sorted.mrgd.barcoded.covgaps	0.822242	0.810006	0.808123	0.781473	0.810698	1.0	0.834903	0.806457	0.811334	0.789683	0.784325	0.802301	0.80429	0.800619
CEG42-110-4a.cutB_pe.sorted.mrgd.barcoded.covgaps	0.822009	0.811536	0.805928	0.791576	0.815412	0.834903	1.0	0.819448	0.824405	0.796153	0.787476	0.812021	0.818235	0.813367
CEG42-110-4b.cutB_pe.sorted.mrgd.barcoded.covgaps	0.821945	0.827416	0.812583	0.79814	0.823568	0.806457	0.819448	1.0	0.825319	0.814954	0.799921	0.822013	0.819032	0.815771
CEG42-110-5a.cutB_pe.sorted.mrgd.barcoded.covgaps	0.81952	0.839518	0.826239	0.810401	0.826408	0.811334	0.824405	0.825319	1.0	0.817152	0.801844	0.825232	0.828133	0.81644
CEG42-110-5b.cutB_pe.sorted.mrgd.barcoded.covgaps	0.795998	0.810192	0.81044	0.800132	0.797316	0.789683	0.796153	0.814954	0.817152	1.0	0.819903	0.80972	0.81216	0.822577
CEG42-110-6a.cutB_pe.sorted.mrgd.barcoded.covgaps	0.785024	0.818325	0.822189	0.811748	0.801726	0.784325	0.787476	0.799921	0.801844	0.819903	1.0	0.813983	0.814539	0.816761
CEG42-110-6b.cutB_pe.sorted.mrgd.barcoded.covgaps	0.808966	0.819482	0.814768	0.817353	0.81478	0.802301	0.812021	0.822013	0.825232	0.80972	0.813983	1.0	0.810898	0.832803
CEG42-110-7a.cutB_pe.sorted.mrgd.barcoded.covgaps	0.826202	0.814748	0.818307	0.792279	0.809401	0.80429	0.818235	0.819032	0.828133	0.81216	0.814539	0.810898	1.0	0.817798
CEG42-110-7b.cutB_pe.sorted.mrgd.barcoded.covgaps	0.806612	0.828989	0.821735	0.808909	0.823089	0.800619	0.813367	0.815771	0.81644	0.822577	0.816761	0.832803	0.817798	1.0
