sample	read_end	cycle	frac_a	frac_c	frac_g	frac_t	frac_n
HG03953	1	1	0.30975	0.18919	0.19019	0.31022	0.00065
HG03953	1	2	0.30713	0.19160	0.19281	0.30819	0.00027
HG03953	1	3	0.30462	0.19428	0.19553	0.30557	0.00000
HG03953	1	4	0.30297	0.19619	0.19728	0.30355	0.00001
HG03953	1	5	0.30289	0.19593	0.19741	0.30377	0.00000
HG03953	1	6	0.29902	0.19995	0.20136	0.29967	0.00000
HG03953	1	7	0.30009	0.19900	0.20029	0.30060	0.00001
HG03953	1	8	0.30112	0.19832	0.19923	0.30132	0.00000
HG03953	1	9	0.30170	0.19760	0.19878	0.30192	0.00000
HG03953	1	10	0.29928	0.19991	0.20117	0.29964	0.00000
HG03953	1	11	0.30018	0.19903	0.19999	0.30081	0.00000
HG03953	1	12	0.29995	0.19940	0.20026	0.30039	0.00000
HG03953	1	13	0.30100	0.19803	0.19923	0.30173	0.00000
HG03953	1	14	0.30030	0.19868	0.19982	0.30121	0.00000
HG03953	1	15	0.29995	0.19904	0.20032	0.30070	0.00000
HG03953	1	16	0.30011	0.19908	0.20017	0.30064	0.00000
HG03953	1	17	0.30006	0.19912	0.20017	0.30065	0.00000
HG03953	1	18	0.29951	0.19962	0.20060	0.30027	0.00000
HG03953	1	19	0.29910	0.19990	0.20126	0.29974	0.00000
HG03953	1	20	0.29843	0.20070	0.20187	0.29900	0.00000
HG03953	1	21	0.29835	0.20080	0.20199	0.29885	0.00001
HG03953	1	22	0.29789	0.20143	0.20239	0.29826	0.00003
HG03953	1	23	0.29802	0.20130	0.20233	0.29835	0.00000
HG03953	1	24	0.29704	0.20223	0.20346	0.29727	0.00000
HG03953	1	25	0.29737	0.20181	0.20321	0.29761	0.00000
HG03953	1	26	0.29704	0.20209	0.20336	0.29751	0.00000
HG03953	1	27	0.29662	0.20253	0.20367	0.29718	0.00000
HG03953	1	28	0.29666	0.20270	0.20361	0.29703	0.00000
HG03953	1	29	0.29646	0.20266	0.20378	0.29710	0.00001
HG03953	1	30	0.29597	0.20307	0.20445	0.29651	0.00000
HG03953	1	31	0.29580	0.20328	0.20458	0.29634	0.00001
HG03953	1	32	0.29555	0.20347	0.20477	0.29621	0.00000
HG03953	1	33	0.29556	0.20350	0.20491	0.29602	0.00000
HG03953	1	34	0.29557	0.20364	0.20479	0.29600	0.00000
HG03953	1	35	0.29473	0.20415	0.20550	0.29560	0.00003
HG03953	1	36	0.29519	0.20392	0.20515	0.29575	0.00000
HG03953	1	37	0.29540	0.20359	0.20496	0.29604	0.00000
HG03953	1	38	0.29508	0.20400	0.20541	0.29551	0.00000
HG03953	1	39	0.29490	0.20431	0.20549	0.29530	0.00000
HG03953	1	40	0.29471	0.20434	0.20585	0.29509	0.00000
HG03953	1	41	0.29471	0.20432	0.20558	0.29539	0.00000
HG03953	1	42	0.29445	0.20436	0.20579	0.29540	0.00000
HG03953	1	43	0.29448	0.20436	0.20567	0.29548	0.00000
HG03953	1	44	0.29409	0.20486	0.20609	0.29496	0.00001
HG03953	1	45	0.29411	0.20500	0.20608	0.29481	0.00000
HG03953	1	46	0.29438	0.20471	0.20603	0.29487	0.00001
HG03953	1	47	0.29431	0.20475	0.20603	0.29490	0.00001
HG03953	1	48	0.29428	0.20499	0.20618	0.29455	0.00000
HG03953	1	49	0.29391	0.20514	0.20630	0.29465	0.00001
HG03953	1	50	0.29386	0.20507	0.20627	0.29480	0.00001
HG03953	1	51	0.29414	0.20482	0.20610	0.29494	0.00000
HG03953	1	52	0.29386	0.20510	0.20617	0.29486	0.00000
HG03953	1	53	0.29412	0.20487	0.20599	0.29501	0.00000
HG03953	1	54	0.29393	0.20506	0.20633	0.29467	0.00001
HG03953	1	55	0.29362	0.20548	0.20662	0.29428	0.00000
HG03953	1	56	0.29343	0.20548	0.20659	0.29447	0.00003
HG03953	1	57	0.29377	0.20522	0.20625	0.29476	0.00000
HG03953	1	58	0.29391	0.20518	0.20599	0.29491	0.00000
HG03953	1	59	0.29333	0.20549	0.20653	0.29464	0.00001
HG03953	1	60	0.29341	0.20567	0.20686	0.29404	0.00002
HG03953	1	61	0.29343	0.20566	0.20674	0.29416	0.00001
HG03953	1	62	0.29356	0.20548	0.20645	0.29450	0.00000
HG03953	1	63	0.29396	0.20510	0.20656	0.29437	0.00000
HG03953	1	64	0.29359	0.20534	0.20689	0.29418	0.00000
HG03953	1	65	0.29347	0.20560	0.20674	0.29419	0.00000
HG03953	1	66	0.29353	0.20559	0.20658	0.29429	0.00000
HG03953	1	67	0.29343	0.20559	0.20682	0.29415	0.00001
HG03953	1	68	0.29378	0.20534	0.20651	0.29437	0.00000
HG03953	1	69	0.29333	0.20552	0.20697	0.29418	0.00000
HG03953	1	70	0.29317	0.20575	0.20719	0.29388	0.00000
HG03953	1	71	0.29316	0.20585	0.20720	0.29379	0.00000
HG03953	1	72	0.29318	0.20588	0.20693	0.29400	0.00000
HG03953	1	73	0.29337	0.20573	0.20691	0.29399	0.00000
HG03953	1	74	0.29345	0.20566	0.20699	0.29389	0.00001
HG03953	1	75	0.29312	0.20590	0.20713	0.29385	0.00000
HG03953	1	76	0.29315	0.20588	0.20713	0.29384	0.00000
HG03953	1	77	0.29326	0.20545	0.20696	0.29433	0.00000
HG03953	1	78	0.29333	0.20570	0.20694	0.29402	0.00000
HG03953	1	79	0.29309	0.20594	0.20729	0.29368	0.00001
HG03953	1	80	0.29279	0.20622	0.20751	0.29346	0.00002
HG03953	1	81	0.29321	0.20570	0.20714	0.29394	0.00000
HG03953	1	82	0.29349	0.20581	0.20673	0.29397	0.00000
HG03953	1	83	0.29364	0.20540	0.20649	0.29446	0.00000
HG03953	1	84	0.29305	0.20602	0.20727	0.29365	0.00002
HG03953	1	85	0.29312	0.20595	0.20723	0.29370	0.00000
HG03953	1	86	0.29354	0.20562	0.20672	0.29411	0.00000
HG03953	1	87	0.29329	0.20560	0.20693	0.29417	0.00000
HG03953	1	88	0.29324	0.20588	0.20716	0.29371	0.00001
HG03953	1	89	0.29320	0.20615	0.20709	0.29355	0.00001
HG03953	1	90	0.29299	0.20609	0.20730	0.29362	0.00001
HG03953	1	91	0.29299	0.20593	0.20749	0.29359	0.00000
HG03953	1	92	0.29323	0.20581	0.20711	0.29385	0.00000
HG03953	1	93	0.29335	0.20574	0.20707	0.29384	0.00000
HG03953	1	94	0.29301	0.20615	0.20740	0.29343	0.00001
HG03953	1	95	0.29299	0.20596	0.20746	0.29357	0.00002
HG03953	1	96	0.29272	0.20626	0.20750	0.29352	0.00001
HG03953	1	97	0.29288	0.20610	0.20715	0.29386	0.00000
HG03953	1	98	0.29323	0.20587	0.20714	0.29374	0.00001
HG03953	1	99	0.29291	0.20603	0.20744	0.29362	0.00001
HG03953	1	100	0.29280	0.20615	0.20771	0.29334	0.00000
HG03953	1	101	0.29267	0.20620	0.20771	0.29341	0.00000
HG03953	1	102	0.29302	0.20603	0.20728	0.29367	0.00001
HG03953	1	103	0.29306	0.20611	0.20739	0.29344	0.00000
HG03953	1	104	0.29280	0.20610	0.20775	0.29335	0.00000
HG03953	1	105	0.29278	0.20616	0.20771	0.29333	0.00001
HG03953	1	106	0.29292	0.20609	0.20721	0.29377	0.00001
HG03953	1	107	0.29311	0.20578	0.20718	0.29387	0.00005
HG03953	1	108	0.29318	0.20584	0.20716	0.29381	0.00000
HG03953	1	109	0.29289	0.20610	0.20736	0.29364	0.00001
HG03953	1	110	0.29287	0.20606	0.20729	0.29377	0.00002
HG03953	1	111	0.29299	0.20582	0.20745	0.29373	0.00000
HG03953	1	112	0.29285	0.20602	0.20727	0.29387	0.00000
HG03953	1	113	0.29310	0.20580	0.20713	0.29395	0.00002
HG03953	1	114	0.29309	0.20582	0.20710	0.29398	0.00001
HG03953	1	115	0.29281	0.20603	0.20753	0.29362	0.00002
HG03953	1	116	0.29291	0.20603	0.20743	0.29363	0.00000
HG03953	1	117	0.29285	0.20585	0.20761	0.29369	0.00000
HG03953	1	118	0.29305	0.20608	0.20719	0.29365	0.00003
HG03953	1	119	0.29304	0.20589	0.20745	0.29361	0.00001
HG03953	1	120	0.29263	0.20614	0.20773	0.29348	0.00002
HG03953	1	121	0.29259	0.20621	0.20754	0.29365	0.00002
HG03953	1	122	0.29302	0.20589	0.20728	0.29378	0.00003
HG03953	1	123	0.29321	0.20584	0.20736	0.29359	0.00000
HG03953	1	124	0.29286	0.20604	0.20744	0.29362	0.00004
HG03953	1	125	0.29281	0.20597	0.20756	0.29362	0.00003
HG03953	1	126	0.29295	0.20590	0.20743	0.29368	0.00004
HG03953	1	127	0.29305	0.20585	0.20726	0.29383	0.00000
HG03953	1	128	0.29317	0.20587	0.20732	0.29360	0.00004
HG03953	1	129	0.29280	0.20598	0.20752	0.29366	0.00004
HG03953	1	130	0.29280	0.20609	0.20753	0.29359	0.00000
HG03953	1	131	0.29293	0.20607	0.20737	0.29359	0.00004
HG03953	1	132	0.29305	0.20609	0.20731	0.29353	0.00003
HG03953	1	133	0.29295	0.20604	0.20728	0.29371	0.00001
HG03953	1	134	0.29266	0.20616	0.20760	0.29356	0.00002
HG03953	1	135	0.29280	0.20616	0.20761	0.29339	0.00004
HG03953	1	136	0.29283	0.20601	0.20743	0.29372	0.00001
HG03953	1	137	0.29333	0.20571	0.20726	0.29370	0.00000
HG03953	1	138	0.29322	0.20569	0.20724	0.29383	0.00002
HG03953	1	139	0.29295	0.20583	0.20739	0.29360	0.00024
HG03953	1	140	0.29313	0.20580	0.20749	0.29353	0.00005
HG03953	1	141	0.29325	0.20573	0.20731	0.29367	0.00004
HG03953	1	142	0.29336	0.20572	0.20711	0.29377	0.00005
HG03953	1	143	0.29337	0.20570	0.20706	0.29382	0.00004
HG03953	1	144	0.29311	0.20590	0.20727	0.29369	0.00003
HG03953	1	145	0.29308	0.20584	0.20736	0.29369	0.00003
HG03953	1	146	0.29320	0.20556	0.20722	0.29396	0.00006
HG03953	1	147	0.29359	0.20546	0.20683	0.29408	0.00003
HG03953	1	148	0.29369	0.20534	0.20673	0.29421	0.00002
HG03953	1	149	0.29353	0.20549	0.20684	0.29411	0.00003
HG03953	1	150	0.29344	0.20553	0.20689	0.29414	0.00001
HG03953	2	1	0.31019	0.18710	0.19115	0.31076	0.00079
HG03953	2	2	0.30655	0.19108	0.19517	0.30715	0.00004
HG03953	2	3	0.30220	0.19552	0.19956	0.30271	0.00002
HG03953	2	4	0.29930	0.19848	0.20248	0.29972	0.00001
HG03953	2	5	0.30228	0.19528	0.19961	0.30283	0.00000
HG03953	2	6	0.29601	0.20150	0.20571	0.29677	0.00001
HG03953	2	7	0.29802	0.19991	0.20400	0.29805	0.00002
HG03953	2	8	0.29995	0.19790	0.20195	0.30017	0.00003
HG03953	2	9	0.30027	0.19742	0.20160	0.30071	0.00000
HG03953	2	10	0.29799	0.19976	0.20380	0.29845	0.00000
HG03953	2	11	0.29941	0.19822	0.20247	0.29989	0.00001
HG03953	2	12	0.29920	0.19819	0.20252	0.30008	0.00001
HG03953	2	13	0.30096	0.19657	0.20072	0.30172	0.00002
HG03953	2	14	0.29995	0.19725	0.20173	0.30106	0.00000
HG03953	2	15	0.29932	0.19771	0.20230	0.30067	0.00000
HG03953	2	16	0.29927	0.19798	0.20248	0.30026	0.00001
HG03953	2	17	0.29916	0.19809	0.20251	0.30018	0.00007
HG03953	2	18	0.29873	0.19844	0.20284	0.29985	0.00014
HG03953	2	19	0.29832	0.19870	0.20332	0.29954	0.00013
HG03953	2	20	0.29760	0.19941	0.20403	0.29888	0.00008
HG03953	2	21	0.29786	0.19932	0.20373	0.29903	0.00007
HG03953	2	22	0.29732	0.19977	0.20439	0.29846	0.00007
HG03953	2	23	0.29747	0.19971	0.20437	0.29838	0.00007
HG03953	2	24	0.29632	0.20052	0.20546	0.29762	0.00008
HG03953	2	25	0.29660	0.20040	0.20511	0.29781	0.00008
HG03953	2	26	0.29630	0.20069	0.20558	0.29736	0.00007
HG03953	2	27	0.29563	0.20138	0.20593	0.29692	0.00013
HG03953	2	28	0.29586	0.20127	0.20579	0.29694	0.00014
HG03953	2	29	0.29552	0.20130	0.20606	0.29699	0.00014
HG03953	2	30	0.29522	0.20161	0.20635	0.29666	0.00016
HG03953	2	31	0.29493	0.20196	0.20650	0.29648	0.00014
HG03953	2	32	0.29476	0.20213	0.20671	0.29625	0.00014
HG03953	2	33	0.29470	0.20217	0.20679	0.29622	0.00013
HG03953	2	34	0.29482	0.20220	0.20673	0.29604	0.00020
HG03953	2	35	0.29412	0.20273	0.20734	0.29554	0.00027
HG03953	2	36	0.29435	0.20264	0.20718	0.29556	0.00028
HG03953	2	37	0.29458	0.20238	0.20667	0.29610	0.00027
HG03953	2	38	0.29419	0.20276	0.20722	0.29555	0.00028
HG03953	2	39	0.29419	0.20272	0.20732	0.29544	0.00034
HG03953	2	40	0.29379	0.20302	0.20743	0.29549	0.00028
HG03953	2	41	0.29373	0.20289	0.20738	0.29552	0.00048
HG03953	2	42	0.29377	0.20286	0.20747	0.29548	0.00042
HG03953	2	43	0.29380	0.20286	0.20727	0.29558	0.00048
HG03953	2	44	0.29356	0.20326	0.20758	0.29506	0.00055
HG03953	2	45	0.29330	0.20336	0.20796	0.29490	0.00048
HG03953	2	46	0.29353	0.20312	0.20757	0.29530	0.00048
HG03953	2	47	0.29350	0.20330	0.20776	0.29489	0.00055
HG03953	2	48	0.29337	0.20355	0.20769	0.29479	0.00061
HG03953	2	49	0.29332	0.20356	0.20777	0.29473	0.00061
HG03953	2	50	0.29314	0.20367	0.20801	0.29458	0.00061
HG03953	2	51	0.29328	0.20331	0.20790	0.29483	0.00068
HG03953	2	52	0.29321	0.20344	0.20774	0.29486	0.00076
HG03953	2	53	0.29336	0.20327	0.20745	0.29504	0.00089
HG03953	2	54	0.29322	0.20336	0.20781	0.29465	0.00095
HG03953	2	55	0.29269	0.20380	0.20823	0.29427	0.00102
HG03953	2	56	0.29268	0.20374	0.20826	0.29422	0.00110
HG03953	2	57	0.29296	0.20357	0.20760	0.29483	0.00103
HG03953	2	58	0.29307	0.20353	0.20746	0.29486	0.00108
HG03953	2	59	0.29273	0.20358	0.20813	0.29448	0.00109
HG03953	2	60	0.29251	0.20412	0.20832	0.29395	0.00110
HG03953	2	61	0.29262	0.20385	0.20844	0.29400	0.00109
HG03953	2	62	0.29299	0.20388	0.20792	0.29412	0.00109
HG03953	2	63	0.29326	0.20346	0.20786	0.29434	0.00109
HG03953	2	64	0.29283	0.20365	0.20813	0.29423	0.00116
HG03953	2	65	0.29261	0.20374	0.20838	0.29417	0.00109
HG03953	2	66	0.29259	0.20392	0.20820	0.29419	0.00110
HG03953	2	67	0.29279	0.20404	0.20819	0.29390	0.00109
HG03953	2	68	0.29293	0.20389	0.20770	0.29438	0.00110
HG03953	2	69	0.29263	0.20392	0.20810	0.29412	0.00123
HG03953	2	70	0.29208	0.20426	0.20857	0.29393	0.00116
HG03953	2	71	0.29226	0.20415	0.20845	0.29398	0.00116
HG03953	2	72	0.29242	0.20432	0.20826	0.29389	0.00110
HG03953	2	73	0.29291	0.20411	0.20788	0.29400	0.00110
HG03953	2	74	0.29257	0.20394	0.20808	0.29424	0.00116
HG03953	2	75	0.29261	0.20424	0.20834	0.29378	0.00104
HG03953	2	76	0.29252	0.20406	0.20828	0.29388	0.00125
HG03953	2	77	0.29276	0.20407	0.20783	0.29417	0.00116
HG03953	2	78	0.29293	0.20395	0.20787	0.29396	0.00129
HG03953	2	79	0.29261	0.20430	0.20822	0.29363	0.00123
HG03953	2	80	0.29219	0.20451	0.20849	0.29370	0.00111
HG03953	2	81	0.29247	0.20399	0.20815	0.29409	0.00129
HG03953	2	82	0.29279	0.20410	0.20793	0.29408	0.00111
HG03953	2	83	0.29287	0.20387	0.20758	0.29445	0.00123
HG03953	2	84	0.29254	0.20434	0.20804	0.29397	0.00110
HG03953	2	85	0.29224	0.20447	0.20818	0.29386	0.00125
HG03953	2	86	0.29270	0.20407	0.20820	0.29387	0.00116
HG03953	2	87	0.29286	0.20397	0.20780	0.29421	0.00116
HG03953	2	88	0.29261	0.20434	0.20814	0.29369	0.00123
HG03953	2	89	0.29231	0.20444	0.20830	0.29379	0.00116
HG03953	2	90	0.29241	0.20457	0.20831	0.29355	0.00116
HG03953	2	91	0.29243	0.20445	0.20826	0.29360	0.00126
HG03953	2	92	0.29239	0.20432	0.20830	0.29389	0.00110
HG03953	2	93	0.29291	0.20417	0.20791	0.29385	0.00117
HG03953	2	94	0.29228	0.20455	0.20843	0.29361	0.00113
HG03953	2	95	0.29235	0.20458	0.20846	0.29350	0.00111
HG03953	2	96	0.29239	0.20448	0.20833	0.29370	0.00111
HG03953	2	97	0.29230	0.20446	0.20825	0.29386	0.00112
HG03953	2	98	0.29235	0.20443	0.20810	0.29394	0.00118
HG03953	2	99	0.29240	0.20454	0.20840	0.29355	0.00110
HG03953	2	100	0.29211	0.20474	0.20856	0.29342	0.00117
HG03953	2	101	0.29202	0.20486	0.20887	0.29315	0.00110
HG03953	2	102	0.29240	0.20443	0.20831	0.29366	0.00121
HG03953	2	103	0.29263	0.20427	0.20828	0.29357	0.00125
HG03953	2	104	0.29243	0.20452	0.20854	0.29340	0.00112
HG03953	2	105	0.29223	0.20455	0.20870	0.29335	0.00117
HG03953	2	106	0.29254	0.20439	0.20821	0.29376	0.00110
HG03953	2	107	0.29260	0.20418	0.20804	0.29414	0.00105
HG03953	2	108	0.29277	0.20421	0.20787	0.29409	0.00106
HG03953	2	109	0.29245	0.20447	0.20835	0.29362	0.00112
HG03953	2	110	0.29226	0.20436	0.20824	0.29403	0.00111
HG03953	2	111	0.29246	0.20434	0.20828	0.29379	0.00112
HG03953	2	112	0.29227	0.20447	0.20826	0.29383	0.00117
HG03953	2	113	0.29271	0.20420	0.20784	0.29407	0.00118
HG03953	2	114	0.29247	0.20427	0.20799	0.29410	0.00117
HG03953	2	115	0.29232	0.20446	0.20828	0.29376	0.00117
HG03953	2	116	0.29249	0.20440	0.20815	0.29379	0.00117
HG03953	2	117	0.29250	0.20447	0.20815	0.29377	0.00112
HG03953	2	118	0.29265	0.20426	0.20788	0.29409	0.00112
HG03953	2	119	0.29244	0.20436	0.20818	0.29390	0.00112
HG03953	2	120	0.29220	0.20470	0.20847	0.29353	0.00111
HG03953	2	121	0.29224	0.20474	0.20835	0.29351	0.00117
HG03953	2	122	0.29253	0.20427	0.20807	0.29395	0.00119
HG03953	2	123	0.29273	0.20423	0.20788	0.29393	0.00123
HG03953	2	124	0.29250	0.20445	0.20812	0.29376	0.00117
HG03953	2	125	0.29221	0.20450	0.20834	0.29371	0.00123
HG03953	2	126	0.29249	0.20421	0.20826	0.29381	0.00124
HG03953	2	127	0.29252	0.20424	0.20796	0.29404	0.00124
HG03953	2	128	0.29288	0.20418	0.20787	0.29378	0.00130
HG03953	2	129	0.29267	0.20429	0.20815	0.29372	0.00118
HG03953	2	130	0.29249	0.20445	0.20820	0.29369	0.00117
HG03953	2	131	0.29268	0.20449	0.20826	0.29338	0.00118
HG03953	2	132	0.29268	0.20450	0.20790	0.29367	0.00125
HG03953	2	133	0.29245	0.20460	0.20801	0.29374	0.00119
HG03953	2	134	0.29228	0.20465	0.20841	0.29349	0.00117
HG03953	2	135	0.29232	0.20467	0.20847	0.29351	0.00104
HG03953	2	136	0.29280	0.20420	0.20795	0.29389	0.00117
HG03953	2	137	0.29292	0.20432	0.20777	0.29395	0.00104
HG03953	2	138	0.29323	0.20409	0.20784	0.29380	0.00104
HG03953	2	139	0.29262	0.20424	0.20819	0.29384	0.00112
HG03953	2	140	0.29283	0.20427	0.20813	0.29366	0.00111
HG03953	2	141	0.29290	0.20434	0.20774	0.29385	0.00117
HG03953	2	142	0.29323	0.20404	0.20772	0.29385	0.00116
HG03953	2	143	0.29311	0.20394	0.20772	0.29417	0.00105
HG03953	2	144	0.29275	0.20419	0.20779	0.29407	0.00119
HG03953	2	145	0.29271	0.20441	0.20795	0.29376	0.00117
HG03953	2	146	0.29283	0.20422	0.20776	0.29415	0.00103
HG03953	2	147	0.29317	0.20390	0.20736	0.29440	0.00116
HG03953	2	148	0.29341	0.20392	0.20734	0.29423	0.00110
HG03953	2	149	0.29329	0.20387	0.20739	0.29431	0.00114
HG03953	2	150	0.29310	0.20400	0.20746	0.29421	0.00123
