## StringHeader
# /mnt/d/Projects/bioinformatics_research/contributions/real-data-validation/tools/FastDup/build/bin/fastdup --input /mnt/d/Projects/bioinformatics_research/contributions/real-data-validation/data/NA12878.chr17_69k_70k.dictFix.bam --output /mnt/d/Projects/bioinformatics_research/contributions/real-data-validation/output/NA12878.fastdup.bam --metrics /mnt/d/Projects/bioinformatics_research/contributions/real-data-validation/output/NA12878.fastdup.metrics.txt --num-threads 2
## StringHeader
# Started on: October 04, 2026 at 04:18:45 PM UTC

## METRICS
LIBRARY	UNPAIRED_READS_EXAMINED	READ_PAIRS_EXAMINED	SECONDARY_OR_SUPPLEMENTARY_RDS	UNMAPPED_READS	UNPAIRED_READ_DUPLICATES	READ_PAIR_DUPLICATES	READ_PAIR_OPTICAL_DUPLICATES	PERCENT_DUPLICATION	ESTIMATED_LIBRARY_SIZE
809R9.5	6	240	0	6	1	30	0	0.125514	878

## HISTOGRAM	Double
BIN CoverageMult
1	0.999969
2	1.760772
3	2.339612
4	2.780010
5	3.115077
6	3.370005
7	3.563961
8	3.711528
9	3.823802
10	3.909222
11	3.974213
12	4.023659
13	4.061279
14	4.089902
15	4.111679
16	4.128247
17	4.140853
18	4.150443
19	4.157740
20	4.163292
21	4.167516
22	4.170730
23	4.173175
24	4.175035
25	4.176450
26	4.177527
27	4.178346
28	4.178970
29	4.179444
30	4.179805
31	4.180079
32	4.180288
33	4.180447
34	4.180568
35	4.180660
36	4.180730
37	4.180783
38	4.180824
39	4.180854
40	4.180878
41	4.180896
42	4.180909
43	4.180920
44	4.180927
45	4.180933
46	4.180938
47	4.180941
48	4.180944
49	4.180946
50	4.180948
51	4.180949
52	4.180950
53	4.180950
54	4.180951
55	4.180951
56	4.180951
57	4.180952
58	4.180952
59	4.180952
60	4.180952
61	4.180952
62	4.180952
63	4.180952
64	4.180952
65	4.180952
66	4.180952
67	4.180952
68	4.180952
69	4.180952
70	4.180952
71	4.180952
72	4.180952
73	4.180952
74	4.180952
75	4.180952
76	4.180952
77	4.180952
78	4.180952
79	4.180952
80	4.180952
81	4.180952
82	4.180952
83	4.180952
84	4.180952
85	4.180952
86	4.180952
87	4.180952
88	4.180952
89	4.180952
90	4.180952
91	4.180952
92	4.180952
93	4.180952
94	4.180952
95	4.180952
96	4.180952
97	4.180952
98	4.180952
99	4.180952
100	4.180952
